202,1204,7.492
103,367,7.431
74,698,7.682
2,1935,6.444
49,2220,6.517
100,2323,7.131
7,1163,7.425
41,2009,6.411
52,74,7.778
89,775,8.078
297,2062,7.253
98,2383,7.637
41,1744,7.366
57,1162,7.299
185,1792,6.566
26,1455,7.243
277,2209,8.224
21,1615,7.727
4,365,7.178
29,652,7.577
111,1835,7.654
49,1767,6.439
157,473,7.445
3,2298,6.108
161,2684,7.858
2,1296,6.049
199,617,7.682
129,113,6.161
61,2622,6.986
4,1979,6.536
208,1718,7.622
265,467,7.973
30,698,7.205
34,2780,6.251
127,2476,6.803
42,384,6.635
47,642,7.116
172,2163,7.912
46,191,7.387
13,2455,4.883
280,2675,6.782
113,2009,6.701
225,306,7.519
3,1642,6.787
199,2008,6.307
74,332,8.082
66,1444,8.344
93,1876,8.38
51,2795,7.613
33,1894,5.711
244,245,6.873
34,2754,7.487
63,383,6.53
19,776,6.499
29,1449,7.562
21,911,7.906
45,2343,6.964
69,1317,6.719
101,2362,8.34
111,161,6.669
111,1097,7.305
3,1008,6.202
57,155,7.384
108,2182,7.665
3,893,6.067
166,1530,7.397
28,529,7.322
67,765,6.907
254,45,6.729
144,2562,6.665
37,160,7.042
14,2331,6.433
4,2072,7.094
27,607,7.474
104,1967,6.121
28,1235,6.401
25,1635,6.949
21,1697,7.516
126,1144,8.148
10,1440,6.013
37,1669,7.509
114,711,7.599
22,663,8.008
41,1313,6.541
55,1045,6.55
112,81,8.051
6,2004,6.757
130,1662,7.139
192,213,7.443
69,1003,6.539
177,301,6.19
65,701,7.436
58,1731,7.632
42,818,5.133
165,584,7.05
40,224,7.259
115,287,7.204
37,2196,7.309
171,719,8.077
135,30,7.326
216,297,7.239
36,2119,7.858
285,184,8.49
218,97,7.437
156,2041,6.984
187,241,6.812
20,5,6.798
247,29,7.091
73,1438,7.146
213,2215,7.346
292,264,6.732
106,182,7.269
13,1299,5.748
62,1741,6.596
294,879,8.097
279,360,7.847
53,903,7.045
99,532,7.226
139,1287,7.545
165,528,7.24
220,775,7.689
42,533,7.057
178,1775,6.928
70,1587,6.671
29,1043,7.094
97,2034,5.376
40,328,7.503
204,77,7.04
7,2795,7.367
38,2261,6.623
18,38,6.125
145,182,6.833
54,2800,6.483
103,540,7.864
83,1632,6.943
183,328,7.736
84,173,6.582
186,1472,6.841
15,2094,7.895
109,2875,7.115
53,2474,7.012
31,363,7.43
271,1137,7.738
31,309,6.652
193,1320,7.162
124,1451,7.601
12,41,6.207
10,1286,6.592
2,1681,7.118
78,1231,6.738
187,134,5.852
218,284,7.274
4,1829,6.753
120,336,7.269
7,2722,7.054
230,2637,6.647
42,794,7.066
96,1362,6.021
24,196,6.209
72,2810,7.973
109,617,8.035
74,599,7.498
142,538,7.81
48,199,7.749
118,287,7.379
17,1890,7.949
154,1257,6.412
26,619,7.775
29,962,8.055
128,329,7.349
13,1922,6.516
69,1636,6.95
57,114,5.851
5,1287,7.44
61,2176,6.468
9,861,7.328
84,1565,6.085
61,2281,6.678
41,841,7.598
207,62,6.631
210,308,7.51
40,2488,7.189
3,788,6.698
273,841,7.646
244,275,6.158
1,1182,7.097
6,2308,6.838
0,1770,6.828
171,1573,7.363
239,2613,6.801
163,550,7.366
187,316,7.139
17,674,7.683
23,1455,6.312
44,1881,5.654
5,2133,7.155
9,1868,6.57
64,2771,5.287
47,1310,5.354
213,2074,6.262
91,681,7.826
20,1815,5.134
136,2403,7.71
108,2246,7.812
21,599,7.568
4,1748,6.893
291,421,6.734
7,1571,6.442
40,936,6.446
144,2416,6.584
47,370,7.398
34,2535,7.852
159,2009,6.609
17,1927,7.11
44,892,6.426
5,1307,6.751
9,1396,8.102
90,1654,8.534
163,961,7.874
74,101,7.902
80,1963,7.557
17,2066,6.915
286,1433,7.255
115,1330,5.384
24,2753,6.877
102,2734,7.407
6,1042,6.619
142,364,7.461
10,1132,6.337
260,403,7.273
41,770,7.014
112,734,7.4
10,1727,7.151
112,1111,7.565
78,1631,7.073
89,381,7.908
22,1361,7.829
78,1484,6.942
16,2476,7.09
177,72,6.801
26,106,7.29
139,196,6.629
5,1280,5.669
46,529,7.588
4,2656,6.655
15,891,8.105
1,218,7.355
5,2342,6.777
218,18,5.992
74,49,7.624
79,639,8.173
90,481,8.307
118,2442,7.16
67,550,7.347
163,344,8.453
128,1808,6.811
137,617,8.134
181,1291,8.206
64,1989,7.382
31,1147,7.267
187,26,7.474
60,1973,6.796
132,2007,8.32
13,2851,6.475
27,78,7.211
15,651,7.995
23,799,6.23
11,908,6.759
2,785,5.845
75,214,6.265
35,2735,7.099
251,196,7.343
96,1381,7.161
59,885,6.993
177,320,6.662
84,1382,6.994
0,32,7.366
81,82,7.23
76,363,8.018
20,419,5.305
5,814,6.441
57,42,7.717
79,1609,7.876
20,340,6.328
88,1363,7.493
133,558,8.106
110,2487,7.274
61,663,7.495
252,2851,7.692
103,2429,7.615
284,28,6.588
38,889,6.667
97,2424,6.102
72,2010,7.674
46,573,7.473
1,1553,7.365
163,1319,7.655
9,1617,7.41
11,153,6.316
22,1088,8.013
194,147,6.614
45,2347,6.467
105,1996,6.569
262,1306,7.434
145,135,8.053
269,405,6.354
262,879,8.026
43,2374,7.861
120,681,7.66
198,38,6.966
121,2075,6.698
135,1001,7.815
33,1480,6.286
158,920,7.712
34,2820,7.343
1,1150,6.795
3,1672,6.827
5,143,6.641
4,2655,6.955
71,879,7.646
29,1313,6.673
298,1830,8.19
59,2054,7.112
277,2939,7.461
231,115,7.313
77,1177,7.275
92,2407,7.695
84,119,7.102
119,540,7.257
284,77,6.666
24,1016,6.895
10,1261,7.508
2,1946,5.888
7,1409,5.657
1,1110,7.608
116,868,6.89
66,1410,7.814
19,345,7.119
197,1047,6.389
104,2211,6.753
80,1884,7.257
73,2353,6.38
58,2101,7.788
7,2489,7.322
78,1967,6.444
115,363,7.344
14,2019,6.586
12,1517,6.897
14,2399,6.752
227,338,7.823
104,388,5.775
1,267,6.156
54,2879,6.801
7,2454,7.127
132,2599,8.184
42,1691,7.204
180,1367,6.553
289,365,6.759
107,2445,7.171
164,453,7.667
1,526,6.89
42,734,6.609
0,1137,7.31
30,480,7.618
301,660,6.794
159,1043,7.178
0,992,7.038
25,336,6.892
57,835,7.233
53,1600,7.434
100,2504,6.633
49,2042,6.168
5,1383,6.145
10,536,7.326
268,1,6.736
197,640,7.927
57,2162,6.937
19,1093,6.838
102,1997,6.786
126,634,8.097
18,799,6.165
12,1887,6.509
69,196,6.518
167,656,7.948
39,1144,7.056
44,1231,6.481
293,994,7.258
80,1499,7.662
198,152,6.599
12,403,6.997
211,1811,8.316
0,2012,6.488
16,540,7.572
68,2130,7.826
133,1430,8.3
21,316,7.774
298,346,7.995
27,2071,8.145
8,625,7.385
227,578,7.171
176,370,7.492
52,1228,7.086
37,809,6.948
305,2684,7.276
68,2842,7.692
25,255,5.84
110,2474,7.977
45,134,6.128
40,271,6.307
43,2848,8.132
150,652,8.218
111,244,7.197
64,2735,6.918
240,632,7.964
50,1621,7.645
9,879,7.926
17,885,6.914
22,1755,7.578
13,1091,6.378
8,1199,6.352
17,2049,7.614
237,309,7.165
0,2695,7.531
13,540,6.508
2,2419,6.461
162,2617,7.213
75,338,7.431
52,781,7.343
152,2403,5.879
3,119,5.941
143,2812,7.22
153,749,6.788
122,1315,8.521
282,165,7.333
133,575,7.883
1,662,7.481
303,1028,6.909
20,290,5.972
206,2004,6.855
11,537,6.794
268,1552,7.282
85,1567,6.432
4,404,7.436
29,164,7.668
97,2320,6.46
110,821,7.617
26,141,7.649
267,2763,7.936
49,1320,6.49
34,80,7.722
0,729,6.587
173,868,8.073
95,80,8.218
107,2902,7.333
276,2901,8.198
186,2268,6.656
81,657,6.889
36,1620,8.21
274,2711,7.368
236,775,6.874
35,2043,7.511
36,458,8.363
156,400,7.345
121,1298,6.948
107,1363,7.231
155,2839,6.098
72,2007,8.124
17,704,7.76
53,224,7.261
30,197,6.448
160,1895,7.445
33,2597,6.015
69,361,6.901
302,1221,7.116
210,164,7.769
11,547,7.298
34,2597,7.192
197,1907,7.095
297,809,7.01
257,363,7.79
10,1103,7.098
4,2754,7.091
88,176,7.463
219,823,7.424
97,2120,6.593
63,770,7.076
2,1975,6.788
98,911,7.451
78,1322,7.181
62,871,7.161
45,2009,6.688
104,1163,7.221
18,1308,5.948
11,1499,6.968
60,765,6.523
32,287,7.513
190,2941,7.363
146,1634,7.119
182,210,6.295
198,380,6.779
213,417,6.97
77,112,6.959
73,2173,7.372
45,1992,7.496
122,1917,7.55
30,45,6.58
27,22,7.08
38,42,7.421
176,306,6.721
275,2062,7.029
233,2345,7.463
212,411,7.217
9,638,7.996
79,1657,8.627
52,1305,7.543
41,971,7.333
0,2432,7.051
87,1482,7.165
156,2642,7.161
5,1130,6.774
11,148,7.532
250,863,7.76
298,805,8.421
59,852,7.224
305,633,7.44
47,116,6.93
12,1009,7.59
11,2285,7.473
295,1463,7.918
45,1435,7.431
134,2582,8.505
297,2124,7.729
223,2358,8.097
62,1443,5.891
160,1699,7.29
70,2134,7.141
63,411,7.669
14,2347,5.916
21,1428,7.873
83,1288,7.325
13,656,6.618
80,1115,6.346
234,1848,7.46
27,1232,7.481
126,585,7.482
14,309,6.39
45,80,7.564
24,2772,5.182
45,2011,6.668
292,357,6.435
134,14,8.393
93,2820,7.974
199,1798,6.308
1,207,6.861
1,1239,7.49
295,164,8.04
39,2026,6.619
129,1162,7.682
271,652,7.909
94,1069,7.872
85,1536,7.216
24,2211,6.486
11,51,5.764
54,2268,6.976
0,473,7.486
5,2075,6.298
3,32,6.58
116,936,6.169
282,199,7.497
17,703,7.676
262,1649,7.238
42,1438,6.651
13,539,6.591
95,2138,6.518
0,1401,7.293
247,273,6.784
3,2926,6.089
76,2320,7.459
66,198,8.642
69,1938,6.96
223,1297,8.196
213,749,6.846
287,629,7.517
151,625,8.354
22,615,8.269
290,1303,6.826
15,1091,7.525
93,2880,8.74
0,2898,6.079
164,370,7.551
112,2280,7.64
177,325,7.414
0,1757,7.518
37,717,7.212
55,2709,7.669
272,566,7.256
130,594,7.935
42,625,7.473
73,2628,7.502
47,822,6.85
69,1320,6.619
170,476,8.09
130,328,7.822
56,786,6.969
246,40,7.965
175,198,7.856
90,580,8.304
56,720,7.872
154,1332,5.918
89,361,8.011
5,1543,6.714
12,1055,6.576
150,1016,8.049
33,2081,5.847
30,882,5.799
132,2758,7.841
78,168,6.944
213,2858,7.048
56,336,7.034
141,1751,6.656
27,32,8.022
192,403,7.608
26,969,7.356
229,1162,7.87
27,1676,7.524
65,1008,7.263
247,362,6.661
6,1895,6.39
10,1747,6.293
88,665,7.748
5,937,6.057
94,1950,7.836
20,146,6.657
204,816,7.032
295,2820,7.41
34,1925,6.683
93,2511,8.378
233,2257,7.822
200,762,7.257
169,1570,7.665
57,714,7.542
38,155,7.087
68,2663,7.448
65,1711,6.93
10,652,7.726
33,864,5.87
16,1202,6.346
3,835,6.575
79,1162,8.281
86,328,7.782
30,1636,7.15
47,1016,7.117
49,662,6.943
293,1381,8.187
82,2455,5.844
100,2124,7.461
30,730,6.774
232,924,7.108
24,2724,6.774
2,1658,7.12
20,1799,6.018
8,417,6.316
85,996,6.751
15,365,7.579
65,1138,6.183
65,1291,7.613
0,945,7.206
0,1571,6.449
7,2842,7.486
142,368,7.73
18,1800,6.367
257,408,6.142
8,2496,6.318
45,108,7.237
71,1869,7.374
45,1064,7.393
227,2124,7.809
239,2534,7.677
173,396,7.571
18,1649,5.85
72,338,7.999
30,1996,7.076
0,1325,7.654
116,211,6.506
155,2691,7.013
47,742,6.991
113,141,7.788
38,555,6.848
6,340,6.303
10,108,7.18
259,1367,6.967
4,1772,6.071
3,1010,6.776
24,2076,5.794
150,744,7.993
1,231,6.839
186,421,6.281
124,1140,7.415
79,38,7.856
23,901,5.869
151,594,8.302
125,1848,7.541
244,138,6.024
21,606,7.812
153,619,7.836
45,1109,7.15
78,1786,6.38
20,933,5.886
97,359,6.617
109,2698,7.544
85,1634,6.987
58,1938,7.819
28,1091,6.999
221,348,6.654
272,1253,5.848
109,2638,7.407
18,1227,6.005
67,1544,7.593
218,196,7.147
50,970,7.593
48,2798,5.798
140,640,7.45
305,42,7.591
0,2885,7.26
128,1109,6.81
298,2259,8.348
249,2672,7.795
1,1095,6.988
24,2883,6.585
33,825,6.028
65,1549,7.256
28,872,6.841
44,2,6.285
20,701,6.568
6,2676,6.386
4,328,7.647
53,2010,6.927
224,1830,6.672
115,362,6.706
8,1515,7.033
90,1367,7.288
8,925,5.039
19,1289,5.771
252,2825,7.936
236,2319,6.911
176,131,6.08
95,204,7.402
4,1528,7.346
0,1680,7.312
193,704,7.929
51,214,6.536
20,162,6.424
18,2375,5.975
1,1265,6.821
228,2254,7.941
72,2688,7.795
95,1848,7.776
25,617,7.716
57,1078,6.681
0,1413,7.176
18,2733,5.52
3,1166,5.89
230,674,7.586
72,2530,7.514
290,287,7.561
37,361,7.234
7,1706,7.358
55,1996,7.641
210,529,7.598
51,141,7.8
203,1129,6.917
83,2180,7.676
93,2628,8.324
60,1490,6.955
2,2505,6.543
230,42,7.984
35,1765,7.011
173,225,7.843
15,2018,7.51
78,1199,6.896
6,1848,6.37
181,156,8.056
23,2392,6.538
104,2822,7.007
55,1849,7.115
24,2542,7.083
7,2448,6.061
29,1672,7.655
106,2162,7.6
78,1973,6.788
82,816,6.773
26,694,7.663
134,1002,7.848
25,566,6.672
234,1032,8.282
35,602,7.864
44,525,7.034
23,405,5.777
297,1955,7.501
122,2015,8.357
38,1612,6.814
10,121,6.756
198,91,7.012
206,774,6.431
9,370,8.016
28,800,6.484
155,2762,6.819
187,417,6.691
3,2272,6.528
5,1573,6.854
3,636,7.2
130,1644,6.703
0,580,7.508
25,604,7.33
51,225,7.34
109,2505,7.096
263,361,7.129
172,478,7.811
46,211,7.019
114,701,7.334
2,2813,6.999
215,2322,6.666
2,2087,6.089
20,1908,5.614
257,357,6.749
12,1337,7.086
61,2434,7.323
250,621,7.701
11,694,7.502
5,1293,6.423
184,2062,6.733
65,992,7.315
234,164,8.138
3,1854,6.619
30,1268,6.391
19,712,6.998
11,2026,7.047
16,328,7.918
104,2751,5.74
6,1924,6.077
178,1827,6.242
2,539,7.144
92,2320,7.617
0,322,5.767
122,672,8.622
139,2466,7.272
261,1477,7.67
69,1147,7.188
6,2131,6.836
10,1533,6.345
247,207,6.4
70,137,5.981
300,214,6.841
259,901,7.165
1,225,7.29
16,411,7.924
43,2372,7.589
135,1283,6.476
91,993,7.532
59,156,7.447
34,2153,7.247
255,2215,7.724
25,570,6.674
173,2224,7.732
172,2855,7.661
248,250,5.342
219,365,7.524
8,1655,7.006
164,1145,7.666
98,822,7.156
154,154,5.801
114,391,7.264
178,0,7.325
78,2107,6.956
10,25,7.59
84,1419,7.128
5,158,6.656
124,835,7.944
11,1814,6.961
183,2209,7.604
234,2146,6.578
18,1261,6.441
13,812,6.258
61,628,7.751
121,2331,6.988
50,470,7.681
18,2820,6.058
0,1782,7.57
8,2306,6.547
227,1659,7.778
42,1618,6.915
10,245,7.191
1,388,6.213
116,1408,6.181
183,1504,7.386
6,218,6.549
90,1372,8.126
244,133,6.586
48,942,6.707
129,530,7.256
31,403,7.06
25,399,6.272
64,2222,6.354
7,2871,6.517
22,474,8.021
219,1536,7.427
15,213,7.333
131,1117,8.34
75,473,7.464
39,1552,6.807
113,1455,7.39
68,2546,7.6
12,10,6.11
260,219,6.897
41,567,7.541
209,1177,8.064
11,2220,6.818
231,138,6.053
15,1348,7.429
26,1356,7.553
171,1002,7.2
139,1658,7.308
188,108,7.038
5,644,7.404
159,779,6.672
16,2580,7.556
24,2421,6.828
100,2721,7.239
46,540,7.409
29,1504,7.362
221,60,6.555
256,2130,7.782
22,617,8.262
17,2229,7.378
5,1808,6.748
3,1543,6.105
6,178,6.228
5,964,7.333
230,2819,7.095
86,899,6.123
260,47,6.39
54,2937,7.353
124,630,8.153
66,2189,7.605
58,362,7.59
16,1191,6.234
83,2189,7.33
168,2041,7.235
20,543,6.317
148,380,6.922
81,1122,7.699
69,1627,6.737
39,492,7.048
6,1761,6.496
60,2681,7.562
151,476,8.266
219,1612,7.564
241,626,7.983
194,2651,6.999
3,856,6.312
47,29,7.098
2,1368,6.913
257,97,7.248
58,1451,7.715
80,1417,7.8
219,2160,7.353
73,1489,7.697
171,893,7.197
1,443,6.254
230,630,7.693
11,974,7.5
40,570,6.5
185,500,7.818
9,995,6.843
28,281,6.728
18,300,5.498
112,668,8.37
37,749,6.821
116,1891,6.099
142,420,7.039
74,258,7.728
155,1706,6.892
4,2386,8.024
107,2938,6.787
179,2007,8.496
26,1165,7.226
7,420,6.794
21,585,7.445
79,1151,8.512
3,2089,5.604
2,1480,6.815
157,2167,7.163
270,879,7.941
22,883,7.113
84,3,6.307
137,2159,7.101
33,2441,6.123
24,2554,6.675
46,706,7.196
247,226,5.709
14,1117,7.063
300,1287,8.182
15,1232,7.213
11,1704,6.806
120,580,7.882
110,546,7.868
2,937,5.984
66,923,7.647
288,753,8.013
60,1554,7.922
250,717,7.333
41,894,7.146
171,15,7.81
94,90,7.555
33,1528,6.594
25,245,7.012
194,856,7.283
208,555,7.309
3,2600,5.496
280,2717,6.981
84,1514,7.771
216,1320,6.945
268,658,7.284
59,2173,7.47
7,1830,7.275
289,91,6.643
99,225,7.028
22,1639,7.288
104,813,7.197
7,1728,7.39
127,2633,5.95
175,2370,7.172
4,1303,6.615
181,843,7.693
10,291,6.899
117,1068,7.169
4,2013,7.533
7,2907,5.543
67,1954,6.605
30,1330,5.582
45,630,7.782
155,2433,6.08
200,1072,6.878
1,278,6.796
59,1642,7.874
89,1103,7.896
20,287,6.815
146,2215,7.372
218,198,8.39
40,1825,5.982
9,1910,7.467
198,339,6.233
25,211,6.932
32,2951,7.209
235,2635,6.232
42,663,7.134
14,1948,6.628
1,1672,7.838
34,2830,7.459
12,662,7.087
15,724,7.572
129,362,7.103
26,1480,7.136
31,785,5.97
0,780,6.94
85,1624,7.509
9,309,7.114
179,617,8.658
1,1644,6.709
237,297,7.545
251,2124,8.108
2,1712,6.41
30,1812,5.266
169,968,7.999
47,1462,7.133
89,1992,8.27
262,865,7.77
3,1451,6.235
13,2640,5.489
189,318,7.064
34,2164,7.05
59,2092,7.6
12,82,6.546
0,2664,7.33
9,627,7.97
27,1045,6.612
25,1587,7.055
51,2742,7.756
241,338,8.004
301,794,6.738
17,2094,7.728
50,1170,6.465
2,2867,6.981
3,2849,6.658
54,1663,7.608
15,268,7.64
138,682,7.863
138,2550,7.706
15,148,7.947
48,823,7.389
247,290,6.281
167,2119,7.766
1,1465,6.349
20,121,6.054
31,5,7.261
96,363,7.152
259,367,7.308
29,46,7.427
5,151,7.238
116,1484,6.379
58,55,7.038
40,2526,6.204
286,486,8.317
110,2,7.211
6,474,6.876
101,2175,6.79
3,2685,6.533
70,2161,6.94
56,590,7.548
85,1209,7.508
81,602,8.245
27,749,7.262
145,190,7.695
13,164,6.846
72,844,7.934
147,1453,7.736
154,1765,6.229
37,2350,7.34
60,2135,7.849
120,1517,7.392
53,951,7.455
91,2211,7.458
152,2427,6.18
15,2123,7.057
17,2386,8.243
78,822,7.205
88,682,7.77
35,686,7.564
230,2633,6.095
41,1509,7.083
40,1437,7.068
0,728,7.194
51,2485,6.566
44,1564,6.297
7,2584,7.405
51,2773,7.442
20,796,6.476
150,1209,8.087
44,1631,6.796
22,684,7.568
16,1132,6.44
145,30,7.138
79,446,8.715
47,417,6.515
49,1291,7.026
142,649,7.643
70,2821,5.96
7,2332,6.757
16,1135,7.131
44,1445,6.704
27,396,7.445
151,686,7.98
25,807,6.685
20,1940,6.747
7,2400,7.561
59,793,7.259
139,2358,7.302
5,1462,7.213
9,1636,7.512
11,2196,7.031
239,2296,6.658
14,2314,7.387
269,525,6.886
100,233,6.431
10,2412,5.931
33,2527,6.82
25,446,7.867
67,1408,7.115
67,819,7.37
232,2215,7.57
218,383,7.043
195,1117,7.687
111,903,7.849
107,184,7.755
126,566,7.299
177,367,7.151
0,2828,7.392
98,2344,7.343
237,639,7.757
174,2415,7.422
61,2688,7.289
126,641,8.113
140,1016,7.059
299,1802,7.359
22,654,8.416
140,2529,6.431
89,1569,8.371
187,359,7.03
93,2808,7.777
163,682,7.978
105,973,6.742
144,2211,6.755
133,411,8.303
17,2177,7.548
197,2054,7.036
293,457,8.358
87,615,7.536
20,446,7.315
55,233,7.001
18,40,6.622
223,2167,7.973
8,168,6.434
142,217,7.744
193,694,7.933
21,592,7.776
100,2609,6.681
262,593,7.26
147,1554,8.448
96,1854,7.052
187,360,7.379
101,2869,7.434
290,161,6.216
222,649,7.59
89,624,8.685
91,2370,7.766
26,651,7.688
168,2568,6.94
4,33,6.98
161,2760,7.362
73,80,7.537
60,616,7.24
14,1850,5.852
38,1708,4.478
90,1607,8.364
4,111,6.554
150,688,8.238
249,224,7.655
71,106,7.392
198,347,6.671
34,2693,6.119
72,347,7.285
48,2539,7.684
18,2647,6.358
201,1327,7.152
18,2496,5.86
247,345,6.705
226,370,8.332
1,335,7.596
132,2759,8.045
73,297,7.281
135,397,6.683
15,441,7.659
2,1187,6.561
291,1490,7.077
22,1619,8.123
11,1600,7.568
66,2260,7.527
29,2054,6.905
83,1342,8.519
86,1250,6.999
5,1541,6.197
50,753,7.43
246,209,7.622
45,1090,7.391
154,1274,6.053
173,901,7.477
8,328,7.218
282,204,6.586
41,1776,6.483
1,836,7.656
68,1228,6.26
75,852,6.917
27,1170,6.903
246,348,7.325
270,87,6.285
46,561,7.303
36,1539,7.864
5,1160,6.911
11,905,7.207
32,1861,6.919
35,2929,7.495
2,2067,6.419
161,622,7.661
183,230,7.166
50,225,7.284
106,844,7.938
64,214,6.219
2,946,6.771
61,2580,7.358
18,137,5.454
219,1890,8.052
285,204,7.281
95,681,8.128
21,1125,6.612
146,184,7.956
72,1315,8.071
8,2375,6.446
19,748,6.306
235,2255,7.577
162,1044,6.868
136,0,7.887
55,1765,7.475
147,1777,7.733
238,198,8.219
67,2013,8.031
135,1313,6.893
204,8,7.182
5,1262,6.547
5,393,6.564
102,381,6.783
2,1970,6.429
109,1462,7.67
3,178,6.001
152,1818,4.921
174,2015,8.186
3,370,6.814
194,2534,7.132
14,2356,5.88
67,1854,7.907
17,1485,6.663
197,418,6.888
105,473,7.028
64,2294,7.024
12,147,6.304
96,1305,6.131
88,1422,7.798
1,49,7.307
152,2374,5.981
9,453,8.118
16,2021,7.188
37,1593,6.383
33,809,5.977
20,644,7.014
9,970,7.792
209,500,8.601
89,134,6.892
159,271,6.607
157,694,7.508
99,2642,7.031
276,681,8.292
165,704,7.627
22,335,7.934
99,161,5.987
35,2581,7.32
153,417,6.917
97,2374,6.726
17,2323,7.334
90,967,8.212
145,33,7.118
24,2513,5.767
3,2139,5.792
144,1364,7.241
19,687,7.287
177,68,7.17
81,868,7.842
2,1604,7.106
101,2838,7.977
10,1979,6.696
175,1325,7.598
229,1320,7.217
33,2506,5.279
262,1774,7.695
25,1577,7.371
71,713,7.14
31,2067,6.533
160,1838,6.955
38,2164,6.261
8,852,6.525
139,1381,7.442
211,1532,7.438
46,633,7.775
48,2781,7.895
228,2943,7.513
91,1396,8.225
0,2889,7.437
112,441,7.743
12,770,6.909
61,617,7.77
22,188,7.025
43,2460,8.074
56,725,6.739
77,845,6.381
13,2430,5.867
100,2531,7.562
55,2625,8.176
23,600,6.927
60,2417,7.181
258,677,7.745
101,365,8.328
252,294,7.807
98,1996,7.132
39,1743,6.48
73,1992,7.47
256,690,7.419
5,835,7.192
208,639,7.395
43,2136,7.828
61,2546,7.401
71,1544,7.226
1,880,5.639
34,2137,8.115
25,309,6.704
12,1078,6.683
7,1851,7.289
304,925,5.176
250,619,8.004
28,1027,5.708
80,416,8.184
212,2198,6.869
14,1907,6.591
119,1964,7.195
267,1420,7.613
163,575,7.773
270,648,8.035
201,2430,6.98
31,885,6.613
36,30,7.653
205,1287,8.174
0,584,6.965
20,1986,6.349
25,1145,7.709
7,647,7.729
132,2215,7.842
75,1986,6.895
44,1660,6.809
73,885,6.854
197,1995,6.315
82,119,6.872
5,960,7.517
81,502,7.99
26,390,7.338
11,557,7.215
47,254,5.541
4,1923,6.144
219,1046,7.465
22,96,7.907
111,128,6.705
244,943,6.312
9,1186,6.829
75,2187,5.647
36,2219,7.47
111,218,7.766
33,224,6.663
40,822,6.917
38,2123,6.277
286,489,8.174
20,1480,6.469
4,155,7.503
157,618,7.675
95,8,7.65
115,1334,5.949
150,692,8.45
56,409,7.605
22,1437,7.791
208,615,7.755
16,509,7.339
4,2489,7.309
66,1843,8.103
69,254,5.62
216,363,7.654
4,1347,7.267
54,2901,7.392
74,617,8.24
3,998,6.353
94,2373,6.62
6,2153,6.271
19,1080,6.469
14,2345,6.858
154,1632,5.865
77,154,6.662
122,1840,8.17
182,188,6.506
85,1472,7.105
214,2311,7.837
22,1182,7.412
76,1279,7.986
14,1153,6.652
14,416,7.228
18,1962,5.985
90,640,8.55
302,2521,8.021
20,418,6.198
17,557,7.491
72,945,7.739
303,77,7.354
1,107,7.546
121,634,7.712
22,1405,7.649
2,2784,6.141
229,2237,7.638
24,2795,6.868
208,446,7.931
48,2222,6.705
259,446,8.341
184,2213,6.812
79,225,7.931
70,2063,6.789
37,816,6.882
5,572,7.223
41,1186,6.372
24,2852,6.512
24,2915,6.809
273,198,7.916
38,2348,5.975
11,1372,7.271
0,2260,6.809
74,708,8.124
114,1129,7.431
277,2929,8.073
193,594,8.111
156,42,7.908
197,1842,7.141
187,370,7.559
151,1456,8.022
150,1082,8.169
206,1151,7.244
5,20,6.8
210,141,7.682
45,2297,6.977
10,2476,6.975
33,2458,6.176
83,2691,7.891
12,119,6.59
54,2849,7.605
201,420,7.078
161,1996,7.387
208,498,7.696
117,1194,5.823
3,1260,6.952
9,1303,7.032
274,184,8.477
6,2655,6.375
25,1332,6.585
5,2058,6.39
20,1072,6.325
181,655,8.589
31,1973,6.588
205,2049,7.966
198,370,7.525
120,1044,7.45
132,2749,6.785
14,1010,7.235
0,362,6.871
228,2094,8.407
222,164,7.825
177,153,6.689
15,605,7.944
1,1683,7.171
41,1003,6.637
26,1269,7.085
86,242,7.052
253,2230,7.871
13,2591,6.59
2,2198,7.062
158,1180,8.26
195,656,7.699
148,1237,7.104
284,198,7.952
167,1570,7.309
205,1624,7.964
108,370,8.1
129,723,6.916
81,890,7.969
21,1662,7.503
72,359,7.653
22,1455,7.714
20,1138,5.313
183,338,7.551
254,422,6.673
199,1303,6.591
138,370,8.01
147,457,8.335
149,275,6.837
36,869,8.266
277,2889,8.138
90,903,8.03
2,1996,6.812
67,321,7.118
224,1383,5.77
104,2480,5.387
24,2864,6.147
137,1268,6.785
203,946,6.619
56,586,6.247
133,1367,7.172
133,1016,7.986
34,2402,7.038
12,636,7.839
238,2582,7.814
122,1507,8.574
3,774,6.086
19,702,7.198
114,207,6.818
193,767,7.393
36,2124,8.112
7,2155,5.559
37,1444,7.816
206,1434,6.233
52,954,8.83
72,2069,7.835
183,2385,7.387
3,1177,6.248
305,2872,5.828
58,1453,7.835
92,628,8.435
117,1152,7.128
53,879,7.335
7,2514,6.499
3,1848,6.146
22,427,7.132
122,1536,8.123
222,328,7.851
27,125,6.515
110,1906,8.054
204,618,8.117
28,994,6.409
18,67,5.425
26,924,6.771
134,551,8.653
14,1147,6.993
8,669,6.988
50,462,7.912
8,2287,5.452
247,421,6.203
262,903,7.733
174,2947,8.289
121,822,7.301
220,1985,7.695
80,1332,7.214
111,635,7.731
216,975,7.533
71,1765,7.039
67,860,6.741
96,634,7.132
76,2285,8.07
87,346,6.906
23,2538,6.338
304,1140,6.499
73,669,7.598
10,2377,7.5
16,800,6.907
159,2434,7.417
33,2045,5.499
75,1330,5.58
42,1617,6.696
39,1765,6.418
14,1986,6.569
7,2219,6.837
95,2323,7.96
103,1148,7.322
10,1271,6.862
104,1929,5.506
48,868,7.624
150,1058,7.302
3,1987,6.595
2,106,6.964
239,2578,7.929
39,467,7.273
16,2411,6.97
61,1867,7.228
205,2119,7.809
30,396,6.82
152,184,6.492
45,773,6.653
3,2944,6.642
137,1271,7.151
1,1371,5.951
152,2721,5.955
0,1919,7.335
176,791,6.254
245,1698,5.897
83,2126,7.68
53,1400,7.072
295,1842,7.442
141,2719,5.831
1,67,6.541
26,698,7.263
215,1370,7.454
80,1396,8.312
268,555,7.29
47,809,6.51
27,328,8.296
148,112,6.816
266,589,7.575
7,2379,6.268
102,357,6.307
60,184,7.862
1,439,7.369
120,639,7.7
87,1367,6.364
140,762,6.966
0,1980,6.691
78,1219,6.887
40,2511,7.216
66,160,7.559
106,271,6.988
12,2538,7.025
89,642,8.315
116,1791,6.26
139,2211,6.882
107,1699,6.861
120,164,8.007
33,835,6.605
7,2087,6.325
217,2004,7.9
8,1679,6.362
184,2928,7.201
107,2698,7.275
44,535,7.043
5,1028,6.037
12,618,7.557
233,2628,7.599
194,2590,7.288
13,2420,4.866
183,2224,7.091
7,1176,6.886
47,993,6.785
23,309,5.902
9,273,7.433
57,1221,6.153
1,1586,6.218
12,104,7.229
38,1396,7.293
1,261,6.826
116,1485,6.01
3,1512,6.322
3,2502,5.322
85,1324,7.776
87,573,7.226
62,2025,6.297
255,567,8.228
26,538,7.619
257,443,6.305
28,1381,7.338
69,1444,7.472
156,1396,7.748
63,2302,7.512
107,2629,7.187
24,2829,7.077
24,2450,6.096
11,1830,7.204
93,2767,8.261
183,467,7.851
305,2948,6.025
90,582,6.729
186,1569,7.239
85,328,7.769
12,1956,7.349
248,323,5.387
289,287,6.956
94,1811,7.89
57,151,7.286
15,2019,7.285
31,621,7.283
143,311,6.15
93,2701,8.499
55,2173,7.776
63,1933,6.504
150,329,8.165
56,81,7.722
102,2516,7.115
26,359,7.188
9,762,7.653
16,35,6.228
20,2442,6.57
6,956,7.546
228,2866,7.695
42,594,7.444
101,2888,8.518
100,1906,7.27
69,998,6.995
209,663,8.451
87,864,6.471
3,2656,5.852
92,627,8.273
16,2407,7.27
69,1287,7.457
16,2348,6.647
0,2262,6.541
149,1337,7.737
21,1558,7.549
114,774,7.053
21,1133,6.373
263,287,7.455
242,198,8.647
44,2102,6.765
32,961,7.495
254,303,6.535
2,1228,5.812
165,361,7.144
122,1620,8.57
196,2641,6.728
59,540,7.566
195,968,7.398
211,1177,8.139
1,1330,5.78
24,2929,6.924
8,2466,6.912
3,2727,7.234
85,1854,7.531
50,525,7.378
1,1214,6.118
54,2751,6.127
109,2120,7.344
43,363,8.139
229,633,8.119
1,314,7.155
73,2198,7.483
196,2627,6.857
111,449,6.391
104,619,7.475
152,1809,6.071
20,1153,6.419
6,1223,5.936
29,109,7.12
146,2167,7.459
154,1706,6.701
300,2318,8.161
7,662,7.268
62,2132,7.095
285,164,8.358
5,685,7.266
14,274,6.731
234,639,7.85
4,1645,5.881
202,1216,7.176
4,1648,7.09
173,2196,7.851
6,1251,6.084
166,1798,6.12
153,360,7.605
2,2089,6.145
29,357,6.53
69,1272,7.003
44,1170,6.131
198,9,6.998
145,0,7.429
42,821,6.54
25,882,5.778
42,563,6.973
222,2167,7.386
90,563,8.072
36,1462,8.023
124,665,8.046
77,1563,7.605
124,1751,6.851
194,30,7.197
2,2211,6.699
3,1299,5.738
207,427,6.961
13,2143,4.977
250,192,7.738
13,2398,5.702
30,1911,7.656
85,1604,7.48
1,1174,7.46
111,1006,7.445
6,1520,6.772
86,1083,7.089
42,113,5.621
151,1492,8.161
81,302,7.465
141,1108,7.26
21,752,6.635
47,298,6.576
45,49,7.312
34,2902,7.696
46,35,6.052
31,804,5.232
288,198,8.715
10,2318,7.759
172,559,7.864
33,1978,5.887
88,324,6.831
67,539,7.895
20,774,6.323
260,340,7.05
163,680,8.174
110,2437,8.101
73,1384,6.341
56,478,7.45
5,15,7.325
52,293,8.231
268,1060,6.938
11,411,7.579
40,864,6.458
100,2706,7.691
10,427,6.729
39,1272,6.691
26,1186,6.54
24,2482,6.225
16,184,8.005
97,2763,6.841
57,1372,7.167
65,2026,7.378
17,22,6.665
199,987,6.485
4,1343,5.815
278,2938,7.604
295,575,7.684
240,885,7.078
4,1573,7.032
169,594,8.632
254,192,7.595
60,868,7.453
2,2921,6.795
105,800,6.188
1,984,6.787
80,1924,7.271
1,635,7.33
47,1402,6.562
246,120,5.575
4,675,7.535
131,822,8.066
10,2070,5.476
139,164,7.576
298,1663,8.379
27,1789,7.717
59,777,7.891
95,1334,6.948
255,630,8.167
60,622,7.478
107,1687,6.834
6,452,7.216
33,2100,6.559
88,2082,5.157
6,1672,7.037
8,1016,6.925
104,2849,7.23
28,2,6.26
72,2124,7.994
76,94,7.421
3,2867,6.436
292,257,6.53
17,2449,7.001
0,71,7.048
205,1992,7.867
27,347,7.385
273,328,7.636
28,1178,6.642
176,7,6.707
12,1040,7.37
208,868,7.374
188,120,5.169
126,985,5.973
1,1669,7.495
104,2445,6.981
68,834,6.949
16,2544,6.974
2,2568,6.411
16,1536,7.361
18,946,6.084
280,2224,7.175
156,1899,7.167
26,1663,7.497
133,683,8.266
57,868,7.195
39,1381,7.029
60,2820,7.101
62,975,7.418
2,386,6.742
17,2073,7.971
100,2602,5.784
157,642,7.301
235,2257,7.885
20,114,5.415
114,1137,7.532
47,827,6.619
130,416,7.767
157,409,7.421
71,901,6.799
28,632,7.454
264,1040,7.87
79,1806,8.359
240,623,7.461
208,822,7.141
35,2314,7.833
246,361,7.493
14,2298,6.56
3,2183,5.525
40,2178,6.266
31,383,6.48
76,1463,8.014
56,38,7.149
252,2819,7.406
0,1168,7.357
62,981,7.046
124,863,8.011
94,2909,7.779
16,605,7.839
197,211,7.061
54,594,7.944
70,198,7.529
2,1918,6.779
206,619,7.238
60,1992,7.401
4,594,7.749
1,889,7.33
90,1153,7.792
18,2276,5.831
23,641,6.652
99,800,6.571
103,417,7.333
31,992,6.959
4,2618,5.871
106,2230,7.568
5,1484,6.625
91,419,6.393
294,23,7.664
129,427,6.813
283,108,7.092
0,597,7.443
103,1002,7.445
194,686,7.62
173,686,8.213
55,2634,7.874
89,224,8.413
107,1890,7.755
102,2889,7.294
55,2626,7.652
2,2022,6.024
103,635,7.71
31,110,6.785
18,2629,6.274
55,275,6.886
14,2255,6.876
18,1572,5.998
58,1957,6.965
107,618,7.744
261,656,7.897
0,939,6.837
161,555,7.592
160,1444,8.088
77,1332,6.798
60,1733,7.384
16,1423,7.478
15,608,7.552
70,648,7.249
50,1267,7.096
188,370,7.625
39,164,7.157
264,1666,6.672
106,617,8.254
136,2773,7.79
3,1845,6.022
154,1287,6.955
6,1711,6.077
79,497,8.316
219,1016,7.678
4,2924,6.17
193,1064,7.531
48,2574,7.138
291,1842,7.287
11,2152,7.385
56,473,7.596
12,730,6.611
107,2764,7.5
30,1757,7.549
118,2479,7.094
2,1109,6.677
192,526,7.136
56,302,7.064
61,633,7.724
15,1706,7.724
14,1344,6.261
210,297,7.236
41,1683,6.891
9,1471,7.791
178,2370,7.262
199,898,5.171
29,1539,7.272
95,2300,7.426
95,1624,8.23
63,2284,6.741
41,1145,7.676
141,1905,7.039
49,531,6.406
130,1016,7.552
123,1989,7.731
215,338,7.381
21,1215,7.303
55,821,7.455
181,646,8.411
9,1138,6.27
24,2761,6.147
3,1600,6.824
7,2167,7.232
21,1232,7.418
16,1984,7.101
12,1986,6.758
1,648,7.83
180,1816,6.277
3,2691,6.654
101,1829,7.915
147,1713,6.946
54,567,7.774
140,2427,7.123
28,1347,7.105
38,1845,6.408
35,2714,7.207
70,2298,6.517
187,319,7.411
54,2913,7.469
188,125,5.873
3,664,7.03
0,1653,6.54
43,563,7.911
8,1552,6.894
5,1277,6.484
18,569,5.187
224,1523,5.488
115,1968,6.823
9,1296,6.66
28,1450,7.62
0,2009,6.465
43,2437,7.966
4,1953,5.909
10,340,7.031
5,1306,6.776
103,2069,7.867
286,1301,7.923
40,1924,6.502
82,2492,7.373
88,701,7.429
125,1617,7.615
64,2436,6.223
0,2781,7.591
1,188,6.685
34,2868,6.945
176,449,5.672
244,686,7.269
131,1337,8.214
50,645,7.16
7,336,6.942
207,168,7.218
37,305,6.851
143,619,8.21
33,8,6.036
304,381,6.629
1,1060,7.138
10,560,7.337
5,1095,6.58
6,8,6.218
255,1989,8.068
18,2620,5.041
2,1019,6.916
87,65,7.088
85,1735,7.897
10,1857,6.943
103,2215,7.716
256,856,7.311
69,409,7.323
88,26,7.808
33,2008,5.564
20,177,6.149
214,155,8.44
54,2939,6.939
19,536,7.314
71,1811,7.366
135,779,6.823
18,2056,5.574
198,419,5.804
211,1792,7.422
14,2278,6.617
24,2616,6.247
20,663,6.89
15,23,7.464
77,773,6.648
63,657,6.37
129,1024,7.586
150,848,7.876
72,638,8.126
54,2131,7.589
8,108,6.586
26,272,5.936
195,1745,7.659
3,2539,6.591
59,1333,7.292
94,2111,8.38
260,361,7.172
26,718,7.59
274,98,6.88
14,2434,6.929
17,422,6.725
0,885,6.696
111,1155,7.419
138,2406,7.209
89,2167,8.184
171,2717,7.173
10,1868,6.364
6,272,5.276
1,150,6.089
92,611,7.593
3,2901,6.444
161,2064,6.972
39,1492,7.106
133,605,8.239
7,1543,6.914
75,37,6.169
24,1775,6.441
304,198,7.571
297,879,7.789
43,391,7.716
85,365,7.284
89,678,8.371
5,1716,6.16
101,2598,7.43
72,1968,7.543
2,324,6.289
214,974,8.467
13,828,5.262
41,336,6.839
131,1302,7.148
80,1837,7.628
245,933,6.035
136,2761,7.192
90,875,7.91
206,1996,6.593
166,19,6.73
105,2476,6.377
13,1365,6.008
81,741,7.862
39,218,6.668
57,98,5.986
218,259,6.406
65,545,6.833
142,466,7.942
27,224,8.08
129,812,7.279
74,209,7.741
50,1396,7.905
51,993,7.249
129,363,7.738
42,1577,7.041
20,381,6.383
291,2297,7.045
41,628,7.666
121,984,6.792
5,1255,6.452
297,2173,7.459
30,1110,7.418
71,937,6.348
5,1100,6.632
34,2628,7.702
16,64,7.719
4,815,6.217
100,224,7.442
276,2198,8.304
167,1376,7.527
1,500,7.843
214,207,7.544
7,2616,6.721
22,954,8.332
196,2607,7.44
93,446,8.861
176,792,5.963
106,563,7.823
112,464,7.859
14,2078,6.192
5,175,7.313
148,824,6.328
201,1775,7.232
54,2325,6.753
51,5,7.594
47,238,6.224
9,1613,6.035
22,160,7.414
34,2004,7.703
6,1476,6.465
7,1948,6.992
30,1252,6.304
75,2072,7.087
164,1708,4.824
130,815,6.422
56,713,7.128
18,1638,6.291
226,2655,7.69
64,1,6.687
11,926,6.857
156,417,6.822
104,2820,6.764
4,1817,6.808
144,2810,7.245
75,1228,6.033
44,1229,5.501
31,663,7.371
95,2534,7.806
46,605,7.675
282,158,6.867
127,2636,5.535
44,303,6.211
6,2753,6.745
205,936,7.167
138,2228,7.439
6,1165,6.536
20,635,6.562
28,666,7.343
5,164,7.452
104,686,7.252
17,622,7.568
117,813,7.5
69,630,7.417
19,635,7.287
62,2004,7.322
21,1274,7.255
46,32,7.467
32,105,5.861
11,2269,6.084
62,91,7.098
102,2424,6.433
48,416,7.86
4,2932,6.614
202,804,5.449
244,822,6.931
3,2321,5.669
110,405,7.435
226,2049,8.134
110,879,8.281
32,1329,7.069
160,890,7.911
35,1463,7.592
14,706,6.764
82,49,7.229
223,5,8.119
87,680,7.478
106,2004,7.845
14,32,7.043
53,1438,6.799
136,2762,7.848
140,230,6.811
114,946,7.166
91,2112,7.627
183,1770,6.905
150,668,8.59
188,84,6.469
40,2062,6.819
22,678,7.941
13,781,5.505
7,2347,6.268
16,1687,7.091
165,708,7.698
12,754,6.583
122,1529,7.772
22,1671,7.256
193,585,7.238
206,2149,6.398
46,91,7.192
177,293,7.487
240,213,7.295
9,1307,7.311
221,232,6.742
45,2379,6.493
299,2366,7.224
4,1763,6.696
24,2132,6.595
206,596,6.997
179,2901,8.14
60,594,7.879
59,129,6.892
40,821,6.695
76,1437,7.781
18,967,6.503
175,2349,7.064
60,1867,7.329
112,458,8.216
243,1482,7.38
171,164,7.951
73,822,7.271
63,1830,7.226
77,403,7.324
3,1925,5.53
4,2753,7.345
18,816,5.768
14,1466,7.069
142,821,7.113
138,1809,7.714
98,628,7.821
93,2257,8.522
31,367,6.752
51,363,7.75
156,1517,7.065
8,319,7.086
103,2064,7.222
8,261,6.184
1,1229,5.835
226,2638,7.798
14,2474,6.856
94,1784,6.934
7,2808,6.758
5,2398,6.336
24,2412,5.282
192,532,7.755
201,1406,7.373
257,129,6.896
111,815,6.849
170,2447,6.735
62,652,7.533
164,204,6.467
32,2862,7.441
62,1797,6.163
0,2531,7.582
9,1068,7.482
88,40,7.848
136,2442,7.731
3,1669,6.502
40,1665,5.698
305,1016,7.09
152,532,6.044
99,2054,6.805
22,151,7.981
174,328,8.475
288,619,8.449
24,2782,4.969
167,2098,7.581
149,1040,8.043
5,903,7.09
52,1517,8.083
48,2597,7.104
43,2100,7.975
121,594,8.01
193,2350,7.523
7,618,7.725
150,617,8.402
140,879,7.228
207,309,7.114
276,1163,8.396
50,1231,6.835
48,2488,7.639
235,1370,7.892
56,684,7.138
1,292,6.827
79,600,8.606
14,2687,6.011
113,2327,6.831
25,1522,7.437
13,2546,6.587
33,628,6.934
147,476,8.341
220,555,7.824
20,935,6.507
5,543,6.724
148,864,6.67
126,109,7.694
246,283,7.851
75,1455,7.148
21,1216,7.613
9,969,7.675
7,2777,6.208
60,2434,7.4
30,1165,7.169
257,184,7.993
93,1888,8.008
143,2819,7.506
4,245,7.028
37,578,6.997
32,2915,7.42
114,816,6.837
224,1708,4.335
60,2462,7.293
197,224,7.589
44,1007,6.469
97,2728,6.591
88,809,7.019
16,1927,7.164
244,1148,6.605
39,1023,6.565
76,196,7.218
6,2516,6.685
73,1435,7.399
7,1972,6.134
129,2198,7.541
142,71,7.296
160,1305,6.962
3,2597,6.018
200,1160,7.122
50,993,7.203
85,975,7.525
7,2872,6.084
222,2041,7.132
22,653,7.823
7,2830,7.107
87,636,7.859
5,296,6.703
26,61,6.952
188,178,6.802
0,838,6.852
1,566,6.901
26,184,7.834
175,1775,6.851
117,1297,7.556
29,668,7.931
101,2759,8.487
283,106,7.262
3,1983,6.47
17,841,7.876
244,942,6.253
111,821,7.478
1,13,6.34
60,1084,6.609
249,2613,6.317
11,258,7.124
30,1672,7.646
18,719,6.858
22,746,7.903
133,128,6.751
59,1989,7.719
37,211,7.117
108,735,7.598
41,1303,6.582
19,369,6.557
75,1264,6.362
37,2246,7.531
0,295,7.639
35,2883,7.142
230,2845,6.815
145,27,7.63
212,681,6.843
113,540,7.519
99,1907,6.858
194,2871,6.67
210,199,7.61
123,2103,7.507
88,2010,7.423
42,985,5.032
11,2228,6.979
32,1530,7.724
37,800,6.879
17,152,6.899
292,6,6.722
5,2256,6.57
257,14,7.694
6,2071,6.936
37,2407,7.186
277,630,8.268
14,2020,6.547
94,362,7.584
52,797,7.383
45,2054,7.066
153,403,7.299
1,151,7.64
174,1444,8.429
147,665,8.094
274,2035,7.775
178,1953,5.937
93,2539,8.355
19,552,7.268
180,540,7.343
172,275,6.778
24,2547,5.568
8,230,6.656
175,621,7.297
70,2541,6.364
293,885,7.368
104,147,6.242
179,77,7.559
13,630,6.774
5,1079,7.072
17,2131,7.644
56,604,7.48
130,198,8.108
128,1674,7.005
108,198,8.415
50,627,7.791
163,1148,7.263
256,632,7.82
110,993,7.793
78,1816,6.338
71,1483,6.745
52,1164,8.06
14,1198,4.627
199,102,6.256
23,1470,6.488
16,420,7.035
158,1001,8.269
27,1778,7.44
125,315,7.637
43,1999,8.087
19,553,6.668
87,822,6.928
155,2838,6.384
1,1732,8.079
4,2480,5.563
32,674,7.611
1,1609,7.262
56,573,7.483
4,2351,7.061
30,1269,7.033
60,629,7.947
50,1177,7.245
18,2920,6.25
162,2323,6.925
14,1495,6.763
34,2655,7.345
103,338,8.04
95,2552,8.571
3,719,6.972
2,164,7.383
269,359,6.787
130,580,7.729
46,329,7.555
103,2320,7.52
16,564,7.044
26,1447,7.324
61,2657,6.817
44,1216,6.895
22,698,7.741
12,151,7.257
245,1808,6.526
0,2062,6.986
305,2134,7.261
237,535,7.599
41,2007,7.531
75,996,6.632
123,2349,7.456
50,578,6.989
197,1970,6.805
39,964,7.029
114,809,6.915
4,2210,6.659
171,1572,7.235
54,2299,6.337
133,2026,7.735
52,1577,8.417
219,575,7.598
33,294,6.606
63,26,7.514
125,1305,7.116
263,260,6.042
119,1697,6.938
1,307,7.426
3,844,6.617
280,2332,6.959
146,687,7.333
6,336,6.322
55,890,8.043
54,1396,7.85
44,1854,7.282
63,1337,7.259
45,2323,7.331
175,571,6.452
19,838,7.026
14,674,7.128
57,2209,7.388
7,2865,6.91
128,417,6.62
76,417,7.284
32,33,7.147
87,749,6.466
6,388,5.413
49,890,7.144
247,33,6.784
4,224,7.434
16,744,7.558
42,762,6.925
34,1016,7.737
78,2265,6.007
201,274,7.407
15,972,7.709
211,1203,7.94
43,2728,7.662
6,707,6.866
152,2665,6.214
6,1751,5.707
130,686,7.612
110,971,8.188
234,1536,7.593
27,384,7.588
44,1706,7.195
141,2726,7.3
9,2055,6.774
137,2211,7.378
264,1416,6.279
40,2064,6.492
30,1337,7.254
131,756,7.471
104,1444,7.441
265,1890,7.954
161,1716,6.681
139,1890,7.685
96,1800,6.933
120,698,7.546
125,1003,7.275
22,1145,8.322
8,434,6.198
47,792,5.874
142,894,7.448
22,625,8.344
220,361,7.633
72,1144,8.073
226,2648,7.849
57,1244,6.828
22,1374,6.364
189,222,6.844
34,2345,7.582
201,935,7.385
100,2127,7.18
38,1003,6.266
113,662,7.504
84,336,7.247
8,485,6.795
305,297,6.848
39,1663,6.926
202,656,7.542
15,1563,7.767
120,1250,7.226
0,91,7.083
3,211,6.132
171,2763,7.618
215,1142,6.745
9,686,7.821
119,2480,5.524
281,294,7.461
112,575,7.727
133,668,8.531
166,743,7.068
30,1679,6.806
45,229,7.084
114,29,7.521
16,695,7.413
126,617,8.316
31,40,7.462
224,1207,6.505
74,224,7.947
270,533,7.797
2,0,7.069
114,287,7.559
117,1147,7.457
297,462,7.977
134,1775,7.915
135,196,6.962
163,109,7.59
79,1431,8.59
17,160,7.085
180,1702,5.141
150,1327,7.516
37,446,8.077
82,1728,7.505
282,336,6.939
1,1509,7.364
109,2013,7.842
123,370,7.905
84,1339,7.032
181,82,7.578
188,107,7.34
264,284,7.152
229,1367,6.937
45,681,7.526
113,362,7.117
69,1455,6.985
2,1084,6.225
4,2379,6.249
11,2046,6.615
171,1137,7.676
47,800,6.389
21,619,8.206
230,359,7.233
222,1199,6.957
24,2461,6.328
153,182,6.89
57,1287,7.484
65,1800,7.53
40,1438,6.788
91,439,7.667
116,1818,5.738
19,478,7.512
18,879,6.626
226,2134,8.253
140,2424,6.285
61,2359,7.292
23,1426,7.212
38,2015,6.937
39,1308,6.404
18,1570,5.875
94,894,7.895
52,1529,7.794
44,807,6.577
204,1230,7.413
95,1706,8.173
36,813,8.034
40,1973,6.504
60,2302,7.664
45,1029,7.372
94,1960,6.692
20,1003,6.133
245,901,6.305
178,2676,6.967
18,1836,6.618
5,724,7.009
75,1957,6.238
258,2064,7.166
25,167,7.236
204,1914,6.253
92,2215,7.849
19,582,6.108
248,150,5.622
38,120,4.736
1,612,7.736
66,665,8.158
12,531,6.565
24,2896,5.666
87,1413,7.033
133,945,7.839
8,962,7.566
24,2325,6.114
196,1474,7.666
22,1204,7.886
126,781,6.906
127,2801,7.606
96,587,6.814
220,1839,8.025
71,67,6.451
109,2696,6.432
7,2938,6.773
241,848,7.741
30,1787,6.769
40,1808,6.746
27,1358,7.564
22,1244,7.509
127,2609,6.639
9,1518,7.818
24,621,6.895
225,110,7.558
31,1303,6.571
2,254,5.542
10,1303,6.795
137,816,7.087
65,2570,7.389
272,184,8.345
135,961,7.645
146,1732,8.077
44,1907,6.802
178,1422,7.53
15,2370,7.627
6,771,6.282
37,242,7.125
280,2862,7.462
18,8,5.904
118,2691,7.421
1,506,7.462
302,2320,7.746
291,568,7.623
4,2240,6.942
84,1136,6.391
41,1060,6.876
24,2062,6.522
223,1775,7.655
199,1764,6.894
55,121,7.189
7,2091,6.512
58,862,8.018
146,15,7.718
25,781,6.288
81,1201,6.973
58,765,7.099
198,349,7.225
101,959,8.952
268,707,7.47
12,1227,6.776
2,549,7.112
28,996,6.489
16,201,7.403
3,2336,6.233
202,14,7.555
22,1175,7.83
0,1830,7.247
50,2249,7.331
44,1586,5.871
31,601,6.582
243,46,7.421
64,2535,7.41
28,367,6.7
269,409,7.195
70,2071,7.157
154,185,6.574
192,309,7.218
259,1967,6.806
18,199,6.557
74,46,7.895
144,2568,6.455
257,382,6.43
130,873,6.797
3,571,5.726
75,417,6.722
37,94,7.071
125,42,8.434
24,2178,5.976
54,558,7.636
9,473,7.878
14,230,6.746
7,2510,5.958
97,1330,5.059
244,1865,5.758
82,2007,7.726
183,484,7.467
102,2629,7.02
83,2156,7.439
25,1313,6.592
88,198,8.21
293,1500,7.29
6,634,6.907
4,546,7.059
47,1453,6.898
259,1850,6.67
207,228,7.124
15,476,8.047
130,1087,7.382
48,828,6.343
162,2104,6.373
264,1103,7.272
3,2332,5.961
172,2850,7.684
263,233,6.511
32,2800,6.459
194,594,7.93
4,2303,7.641
60,1108,7.016
119,2294,7.024
165,2026,7.192
24,2576,6.118
0,2645,7.001
171,474,7.811
8,285,5.919
11,1109,6.862
74,715,7.962
0,236,6.346
79,1042,8.006
27,2369,7.939
38,722,6.968
179,290,7.459
219,2112,7.431
94,1502,7.455
37,931,6.949
5,653,7.095
223,617,8.479
77,1380,6.812
109,2907,5.836
90,459,8.511
74,701,7.67
103,903,7.791
68,2929,7.599
272,618,8.275
124,1287,8.171
0,1785,5.505
118,822,7.058
130,411,7.866
69,245,6.876
1,17,6.099
169,2890,7.996
1,515,6.768
0,1599,6.778
10,1028,6.337
162,1381,7.307
48,40,7.831
61,2403,7.157
88,225,7.368
67,260,6.46
225,122,6.816
5,1853,7.103
2,1390,6.581
56,594,7.879
81,674,7.989
73,1877,6.572
12,668,7.718
270,464,7.784
55,358,7.271
85,1776,6.659
61,2041,6.975
1,1626,7.679
82,2211,7.079
33,2531,6.794
5,1927,6.7
62,856,7.143
108,879,7.982
6,1322,6.475
26,665,7.571
60,362,7.038
32,81,7.731
53,1701,6.518
22,976,7.705
24,2511,6.941
119,656,7.38
48,297,7.395
76,982,8.013
42,672,7.273
153,751,6.896
14,121,6.275
8,227,5.513
110,298,7.603
140,110,6.615
11,2182,7.136
79,618,8.541
123,1544,7.372
19,422,6.674
42,80,7.006
46,539,7.496
28,686,7.27
17,2236,7.526
2,1942,6.938
101,524,7.885
21,815,6.807
239,47,6.976
90,356,7.375
25,1682,7.304
80,851,6.736
205,902,6.669
29,1554,7.864
12,2488,7.194
120,501,8.006
55,2360,6.637
144,2836,6.921
96,1967,5.96
38,2120,6.627
110,168,7.633
63,656,7.399
53,540,7.098
178,1372,7.318
109,2681,7.739
6,2119,6.642
34,2730,6.963
213,2931,7.642
49,1343,5.512
44,1016,7.202
61,818,5.481
87,946,6.84
167,1898,5.357
10,77,6.805
179,2949,8.405
1,129,6.855
97,0,6.835
32,653,7.444
219,2110,7.013
171,722,7.713
40,857,6.965
16,1193,6.437
12,1058,6.454
47,1307,6.682
93,416,8.571
267,357,7.111
92,1010,8.248
287,1912,6.866
56,565,7.465
75,245,7.013
176,29,7.195
12,1738,6.795
20,361,6.487
62,336,6.913
20,1989,6.886
143,686,7.961
97,2307,7.04
73,1272,7.333
214,694,8.492
13,2222,5.608
305,2162,6.804
192,245,7.506
214,551,8.595
236,1444,7.408
240,849,7.518
19,1096,6.862
43,2339,7.704
262,841,8.16
286,1210,7.882
281,297,7.241
101,1328,7.416
47,530,6.766
214,2361,7.812
14,1546,6.225
42,685,7.129
144,2367,6.88
1,947,7.283
4,2059,5.258
2,797,6.094
81,638,8.109
14,1272,6.822
174,2684,8.357
88,1774,7.487
1,1118,6.586
46,762,7.358
79,617,8.571
86,870,6.627
142,889,7.343
69,2474,7.044
65,532,7.553
26,1539,7.318
5,2382,6.995
153,741,7.517
132,2467,7.156
7,198,7.928
60,1943,6.977
152,1364,6.179
49,362,6.58
228,2825,8.371
3,618,6.93
37,273,7.225
4,2477,6.737
160,1839,7.916
32,630,7.688
13,2084,5.126
3,873,5.79
55,1148,7.336
239,0,8.017
165,443,6.129
49,2139,6.27
199,1467,7.462
36,1999,8.111
16,1477,7.424
15,15,7.865
289,252,6.278
133,1091,7.82
263,155,7.585
108,2123,7.152
118,2015,7.332
14,1500,6.296
14,540,6.966
6,641,6.902
70,2171,6.743
93,370,8.613
80,1060,7.546
13,2565,5.826
16,2124,7.721
4,1989,7.437
6,2449,6.202
188,500,7.606
183,2021,7.046
298,2124,8.403
63,2001,6.328
105,2504,6.148
15,1439,7.549
180,1392,7.259
47,981,6.762
211,1879,7.52
205,204,7.122
12,2419,6.524
45,717,7.202
112,1654,8.23
13,1965,6.07
78,297,7.212
34,2591,7.783
25,133,6.73
100,2585,7.272
150,485,7.878
65,800,6.911
14,1539,6.9
6,2003,5.95
127,2124,7.438
258,1829,7.278
227,184,8.125
80,1246,7.725
302,2721,8.058
11,1153,6.947
79,633,8.503
8,1940,6.889
53,607,6.63
26,167,7.34
174,2944,8.281
32,2434,7.415
65,1568,7.494
50,464,7.57
52,1037,8.412
2,2669,6.539
124,968,7.673
282,219,6.825
243,1576,6.492
127,2548,6.248
252,446,8.31
38,528,6.737
87,840,6.967
47,1308,6.639
26,1604,7.437
10,963,7.303
8,143,6.385
131,1367,7.469
4,1271,6.724
222,224,7.63
151,19,7.463
213,1966,6.772
242,1444,8.344
25,178,6.773
16,1004,6.752
7,644,7.592
153,164,7.8
18,2925,5.949
130,642,7.551
8,425,7.062
52,32,8.409
172,1906,7.741
43,2358,8.002
200,834,6.731
5,1562,6.914
1,149,7.706
4,28,6.551
13,242,6.131
11,757,6.527
16,38,7.308
95,196,7.526
284,540,7.316
232,2100,7.79
126,1109,7.551
128,681,7.186
9,1095,7.163
174,1854,8.26
14,1979,6.232
216,1520,7.502
8,49,6.685
2,526,6.417
204,1056,7.589
28,522,6.37
17,935,7.287
255,946,7.583
155,1784,5.823
241,559,7.932
100,1534,6.322
110,2215,7.907
79,966,8.368
3,2328,6.073
1,220,6.973
92,1995,6.877
142,719,8.018
35,2442,7.277
302,2763,8.128
26,1683,7.055
76,2159,7.212
5,749,6.464
81,993,7.525
165,735,7.211
172,1970,7.131
15,2146,6.419
36,459,8.354
66,346,7.755
105,1907,6.466
153,263,7.084
4,2630,7.435
128,1830,7.128
289,103,5.808
57,222,6.856
254,284,6.984
105,1,6.274
89,1477,8.155
39,475,6.982
267,2577,7.733
254,190,7.729
146,2119,7.463
1,1615,7.383
158,1021,7.67
100,2672,7.578
30,474,7.509
102,2912,6.367
24,1822,5.262
44,1378,7.128
16,934,6.809
91,543,7.423
15,1426,8.438
63,1768,6.386
178,121,6.626
0,714,7.677
27,2041,7.569
8,256,6.36
110,96,8.156
171,2539,7.69
38,297,6.688
5,237,6.492
3,1578,6.298
32,2760,7.162
259,1800,7.74
76,628,8.231
119,1818,6.149
233,2439,7.186
92,1859,7.6
7,1791,6.719
34,2853,7.389
6,1430,7.079
224,1814,6.474
25,1263,5.583
23,184,6.915
179,2905,8.501
0,448,7.478
23,2223,5.86
16,879,7.766
14,1925,5.976
284,773,6.449
15,841,8.041
25,633,7.707
33,994,5.811
294,682,8.023
23,2049,6.544
255,2504,7.235
50,2112,7.283
4,2243,7.813
189,45,6.4
166,411,7.478
0,1517,7.037
21,1231,7.19
200,2166,6.415
6,2292,6.381
21,76,6.249
41,1192,6.502
204,1444,8.028
79,670,8.564
41,1686,6.19
223,42,8.599
186,324,6.363
186,618,7.538
10,465,7.71
2,363,7.261
14,1528,6.996
69,1241,4.979
40,141,7.357
237,1,7.164
87,934,6.377
20,2002,5.555
148,936,6.655
9,1137,7.71
7,1815,5.707
25,626,7.427
12,2429,6.88
174,2576,7.422
8,2192,6.952
174,2648,7.928
37,763,6.474
125,2599,8.063
239,468,7.862
3,136,6.284
26,1333,7.103
20,0,6.74
43,2268,7.465
24,2496,6.264
256,2414,7.815
34,1766,6.596
21,1104,6.737
145,415,7.545
43,2164,7.299
35,2592,6.856
118,2580,7.312
139,214,6.208
21,1071,7.785
14,1532,6.024
158,1177,7.781
17,1504,7.521
2,72,6.253
82,1287,7.751
81,83,7.169
77,234,7.11
1,995,6.661
71,1952,7.06
71,1967,6.448
1,426,6.657
106,885,7.245
15,556,7.881
58,2648,7.818
6,1514,6.824
3,2588,6.277
81,1417,7.687
54,2579,6.943
16,938,7.425
126,1127,7.613
33,1697,6.193
73,96,7.528
69,1644,6.34
67,1176,7.372
185,381,7.166
89,879,8.479
17,1840,7.369
85,674,7.58
3,2076,5.462
0,1456,7.453
81,23,7.611
288,1871,7.832
5,767,6.881
223,257,7.339
57,1261,7.219
10,1158,6.51
120,41,6.704
126,796,7.659
94,994,7.26
186,681,7.121
9,1830,7.626
108,565,7.811
38,707,7.028
5,1870,7.471
7,1331,6.321
145,231,6.717
74,34,8.029
115,2164,6.512
291,1906,7.554
129,890,7.69
52,835,8.425
164,1755,6.981
51,1925,6.582
34,894,7.595
141,147,6.823
181,542,8.087
92,907,6.973
299,2491,7.661
102,1160,6.94
9,1016,7.707
56,186,7.373
276,890,8.441
58,2570,7.811
18,297,6.213
235,975,7.772
66,1998,8.403
37,1382,6.835
60,2328,7.009
31,2123,6.586
54,2076,6.444
116,1499,6.611
68,2691,7.672
4,567,7.59
76,1320,7.306
112,5,7.827
2,2854,6.562
175,1839,7.377
71,712,6.981
133,308,8.015
161,2625,7.929
43,2516,7.914
180,1299,6.589
9,452,8.2
5,1435,7.061
88,1728,7.625
39,300,5.935
4,1708,4.88
77,835,7.583
48,1598,6.89
0,1619,7.569
72,17,6.443
72,634,8.03
119,2004,7.287
167,75,7.802
128,1287,7.488
93,2920,8.178
18,1645,4.986
23,2093,5.837
23,2603,6.542
113,2801,7.85
81,180,7.775
41,1308,6.797
6,438,6.376
41,982,7.447
18,1193,5.266
88,1575,6.592
29,293,7.225
125,2512,7.462
7,2866,6.807
6,1012,6.3
13,1915,5.185
20,628,7.159
3,2942,4.952
242,594,8.493
4,2685,7.312
21,134,6.463
105,2694,6.231
28,1186,6.287
4,2191,6.822
99,2013,7.458
8,395,6.347
0,1674,7.12
81,1291,7.854
48,2783,7.714
76,398,7.085
38,1291,6.918
122,1886,8.456
6,908,6.243
5,421,6.289
239,2013,8.248
289,17,5.477
25,328,7.646
59,141,7.823
105,822,6.612
63,671,7.002
157,1307,6.867
184,2638,6.822
11,917,7.554
11,1296,6.219
139,2041,6.885
283,315,7.087
63,753,7.223
3,1144,6.72
5,1655,7.274
3,2064,5.836
28,227,5.772
103,774,7.471
34,2374,7.594
82,1957,6.419
205,485,7.765
83,2018,7.603
15,744,7.663
120,1255,7.023
55,2367,7.662
207,177,7.107
143,2613,6.627
117,1204,7.436
116,1329,6.479
53,1314,6.636
74,2026,7.617
6,1768,5.81
81,1001,8.042
112,40,8.049
177,357,6.797
65,354,7.109
25,419,5.851
3,2464,6.598
75,359,7.085
159,2363,6.898
163,458,8.253
174,2546,8.189
66,242,7.617
2,1272,6.904
159,759,7.113
39,242,6.455
60,1476,7.165
14,1569,7.071
281,211,7.027
200,1004,6.507
84,1875,6.856
19,421,6.631
10,369,6.563
178,1109,6.934
272,2013,8.113
44,800,6.511
7,823,7.091
13,2678,5.459
9,1574,6.526
16,218,7.413
71,1392,7.35
33,2421,6.538
294,297,7.704
232,376,7.88
40,1666,6.165
234,2100,7.847
49,2004,7.003
276,2511,8.4
94,242,7.617
75,1305,6.486
97,2833,5.097
18,458,6.818
47,982,7.289
37,997,6.02
235,309,7.072
5,2135,7.594
123,868,7.607
51,2797,6.015
19,363,7.669
4,473,7.489
0,1754,7.831
264,1439,7.542
2,2792,7.049
4,2039,7.233
196,2194,7.517
81,129,7.15
10,82,6.879
106,328,8.185
247,2,6.19
45,435,7.096
86,224,7.57
40,8,6.637
69,160,6.718
77,1545,7.225
153,752,6.235
21,1493,7.734
108,1766,6.687
270,297,7.527
25,199,7.464
299,2285,7.641
126,609,7.862
65,2377,7.608
16,14,7.68
68,2421,7.523
54,2607,7.472
145,563,7.386
22,627,8.149
44,1462,7.226
296,388,6.761
167,2100,7.885
142,849,7.44
67,1323,7.214
61,1841,6.124
123,1658,7.656
110,2370,8.043
153,584,7.137
25,535,7.161
87,1232,6.689
3,403,6.34
6,734,6.355
35,2151,6.929
22,502,8.065
8,576,7.042
2,2168,6.768
9,1969,6.839
204,749,7.026
78,2143,5.919
131,1512,8.1
9,1992,7.696
8,889,6.665
159,2149,6.982
133,493,8.297
34,2765,8.027
266,625,8.635
17,287,7.601
132,2720,6.655
62,1251,6.659
151,499,7.271
71,1711,6.782
175,164,7.565
0,1511,7.09
29,970,7.45
207,80,7.708
172,2549,7.601
0,209,7.217
188,96,7.335
13,2616,5.92
240,643,7.996
67,839,7.503
237,47,6.682
46,670,7.822
92,619,8.38
198,42,7.768
229,639,7.779
42,1227,6.585
165,682,7.538
220,1895,7.56
148,1418,7.356
126,879,8.1
34,2069,7.669
223,417,7.519
104,2885,7.016
273,536,7.153
13,1161,5.667
49,849,6.864
69,890,7.309
5,508,6.855
122,1830,8.279
66,1543,7.59
3,1040,6.739
186,1948,6.793
33,2403,6.344
11,601,6.657
207,110,7.268
139,2344,7.189
167,96,7.863
24,2853,6.538
169,674,8.344
246,195,6.715
24,2552,7.295
31,14,7.308
253,82,7.515
290,835,7.55
17,817,5.344
5,1539,7.079
162,528,6.97
175,411,7.609
139,1163,7.36
30,1616,7.539
23,1880,5.666
89,29,8.289
193,2320,7.282
39,1395,6.883
2,403,6.883
67,359,7.598
80,1402,7.387
114,224,7.626
147,589,7.407
157,108,6.971
295,2894,7.912
125,2010,7.699
31,545,6.47
139,2442,7.126
29,633,7.729
26,1601,6.863
25,460,7.084
287,1492,7.295
31,160,6.802
8,1565,5.3
8,817,4.7
290,819,7.033
3,2939,5.955
33,993,6.24
79,452,8.645
113,890,7.682
164,363,7.437
217,271,7.033
300,381,7.511
130,755,7.013
2,1850,5.957
106,1148,7.3
13,431,4.247
94,71,7.751
192,290,7.022
29,319,7.525
51,858,7.415
139,1528,7.278
113,178,7.021
73,1329,7.114
214,370,8.549
144,80,7.164
95,2577,7.906
215,2110,6.601
79,463,7.947
47,774,6.645
6,550,6.279
37,1422,7.721
211,1686,7.34
228,2473,8.14
75,1016,7.343
60,575,7.374
38,40,7.148
74,238,6.989
9,1808,7.301
274,2130,8.33
26,1141,7.226
174,2728,7.905
26,765,6.511
3,1497,6.843
9,47,6.664
19,1005,6.758
57,1180,7.406
198,318,7.172
72,1686,6.787
257,178,7.068
83,2892,7.089
20,865,6.708
130,1325,7.861
268,1447,7.219
103,1334,6.692
8,1272,6.739
12,5,7.196
108,1775,7.395
219,1001,7.881
135,479,8.162
20,1678,6.678
24,691,6.493
66,2457,7.872
24,2510,5.487
256,668,8.103
6,2531,6.969
76,184,8.265
73,1687,7.017
175,324,6.455
26,1028,6.282
95,1836,8.374
75,1453,7.103
263,218,7.211
31,567,7.498
161,446,8.195
209,287,8.375
91,1942,7.697
13,2102,6.118
82,2008,6.48
91,1209,7.933
285,512,7.537
12,1044,6.89
131,1344,7.537
0,640,7.751
7,2289,6.711
299,2019,7.044
96,1955,6.876
267,1,7.397
133,565,8.003
28,1131,6.73
2,2038,5.886
98,2717,6.935
243,767,7.115
38,2365,5.938
7,1249,6.503
50,1455,7.356
15,1209,7.773
92,1417,7.89
24,2948,5.8
6,607,6.256
40,1233,5.772
108,1808,7.422
157,788,7.452
114,336,7.108
167,1329,7.443
70,211,6.532
132,233,7.158
0,1362,6.366
1,430,5.992
24,2939,6.31
169,1948,7.853
4,1437,7.234
9,1995,6.589
136,2476,7.409
42,1215,6.42
271,1775,7.288
174,2885,8.092
99,478,7.263
46,636,8.083
241,86,7.73
101,2348,7.535
271,97,7.353
74,426,6.979
214,673,8.106
32,2742,7.627
88,275,6.619
36,40,8.188
12,558,7.313
200,1636,7.148
76,1663,7.951
79,1109,7.748
68,1784,6.491
101,2929,8.529
144,2041,6.752
61,1839,7.493
161,660,7.8
4,1279,7.465
27,1230,7.66
71,2100,7.474
52,198,8.956
10,2094,7.684
187,16,6.685
5,1754,7.674
129,578,7.023
102,2332,6.597
10,0,7.456
41,1867,7.136
30,670,7.772
208,349,7.346
68,2163,7.679
293,1367,7.166
233,2810,7.67
232,2285,7.986
128,164,7.5
15,185,7.628
112,2190,8.018
242,1287,8.325
154,1335,6.353
261,0,7.82
34,2920,7.525
65,856,7.371
76,656,7.926
116,198,7.489
74,0,7.858
9,1063,7.512
218,160,7.329
192,49,7.576
57,2226,6.765
11,274,7.027
183,979,7.153
63,2075,6.477
305,2882,7.242
6,2054,6.283
152,559,6.136
294,1484,7.39
304,2891,7.178
80,227,6.566
3,1392,6.4
70,2374,6.842
49,903,6.927
127,2923,7.248
49,862,7.0
3,1501,6.804
24,2562,6.414
85,1860,6.337
228,2838,7.741
214,2106,8.396
1,627,7.797
23,1414,6.336
253,1376,7.794
40,1147,7.191
74,611,7.43
58,398,7.278
50,1834,7.025
35,2425,7.053
25,252,6.688
144,633,7.5
295,694,7.983
113,1177,7.271
273,148,7.577
98,633,7.773
201,748,6.445
122,1009,8.771
95,2173,8.043
4,161,6.042
112,2161,7.796
71,1256,6.909
33,775,6.338
78,1227,7.027
98,1663,7.5
192,72,6.96
42,1251,6.327
93,2787,8.543
126,425,8.096
6,367,6.276
136,2599,8.024
204,1153,7.399
99,184,7.675
230,363,7.645
220,1137,7.937
149,19,7.419
178,1992,7.3
238,2400,7.831
6,2320,6.342
100,403,7.167
44,1832,6.035
6,2126,6.675
103,2504,7.202
35,2888,7.471
202,1131,7.046
3,2041,6.16
53,675,7.352
116,1686,5.809
106,2323,7.66
154,626,6.781
145,544,7.361
53,1220,6.396
18,1767,5.836
24,2042,6.024
200,1620,7.583
1,146,7.47
53,361,6.858
150,628,8.416
46,682,7.571
71,1381,7.614
77,1529,6.958
243,644,7.633
99,1372,7.24
147,655,8.348
267,2336,7.7
0,941,6.899
71,1973,6.815
30,1867,7.218
44,1858,5.58
54,1907,7.071
87,1668,7.115
178,1364,7.441
7,121,6.642
0,1256,6.782
121,825,7.011
270,558,7.859
28,805,7.279
84,768,7.75
1,1114,8.125
104,1541,6.194
52,879,8.567
3,2928,6.662
11,890,7.405
55,2678,6.834
28,340,6.707
89,1378,8.244
0,970,7.395
15,1505,6.816
238,164,7.923
93,2625,8.57
49,2304,6.981
290,765,6.587
195,621,7.663
204,1762,6.279
53,1515,7.269
2,2843,5.709
82,346,7.177
152,2530,5.739
126,768,7.998
155,2684,7.068
170,2378,7.085
204,1192,6.963
74,329,8.015
126,994,7.207
34,1989,7.833
60,1480,7.192
12,1953,5.767
70,1857,6.413
140,2488,7.059
6,357,5.903
9,1160,7.477
59,2097,7.397
15,1462,7.747
100,2445,7.15
52,484,8.426
19,973,7.382
72,1262,7.237
130,1484,7.005
199,2029,6.854
184,2819,6.704
14,15,7.164
42,814,6.298
305,2746,7.199
35,2405,6.674
246,183,7.97
13,1528,6.561
18,1364,6.518
184,1896,6.632
45,823,7.316
43,868,7.944
31,1768,6.283
2,2902,7.069
298,418,7.724
18,2223,5.812
272,468,7.732
144,2684,7.333
90,266,7.86
135,1410,7.399
65,2231,7.865
164,1774,7.137
28,1167,6.581
118,367,6.854
21,1352,7.146
9,1102,7.528
49,885,6.407
29,1685,7.002
89,1738,7.916
42,526,6.353
219,1850,6.524
270,158,7.214
230,287,7.517
18,2389,6.009
61,2162,7.117
276,349,8.255
142,572,7.625
28,1378,7.096
41,1802,7.224
138,114,6.382
36,683,8.257
172,184,8.218
15,865,7.624
167,2331,7.27
221,365,6.917
177,268,7.527
7,628,7.734
270,686,7.832
56,617,7.83
182,147,6.461
214,1636,8.032
2,2729,6.104
55,2284,7.341
219,2132,7.391
17,2452,7.246
33,432,5.48
137,1658,7.769
196,1671,6.847
2,2929,7.133
150,363,8.192
7,2761,6.642
88,1797,6.434
100,2510,5.947
244,1900,6.175
272,1084,7.082
25,532,7.279
277,2473,7.942
18,1462,6.463
18,1995,5.282
113,1209,7.634
39,1441,6.844
39,163,5.53
33,182,5.95
255,30,7.632
54,634,7.641
27,1444,8.268
203,750,6.064
84,784,6.359
41,287,7.31
6,2015,6.788
35,2862,7.426
53,1356,7.325
49,1716,6.036
109,1989,7.759
163,537,7.356
95,630,8.417
0,1146,6.581
18,2570,6.207
25,1028,6.163
95,1329,7.773
41,485,7.135
95,822,7.922
27,1775,7.53
13,2618,5.084
26,1228,6.122
21,370,8.191
37,2153,7.081
53,2607,7.103
225,412,7.123
55,2131,7.998
301,39,6.079
8,394,5.804
14,759,6.629
1,1680,7.521
0,619,7.651
222,9,7.295
12,2285,7.361
178,2228,7.056
268,1028,6.177
18,252,5.824
106,809,7.268
131,1447,8.194
41,1767,6.672
26,707,7.535
130,620,7.643
217,358,7.294
10,1039,6.564
236,683,7.414
32,2629,7.302
2,2823,7.088
116,1798,5.908
78,160,6.981
68,359,7.337
68,2604,7.401
270,458,8.173
93,2707,8.011
78,2101,7.203
1,746,7.571
83,835,7.818
54,403,7.308
3,2350,6.37
29,1342,8.106
42,1085,6.048
45,2424,6.804
129,445,6.842
190,2577,7.26
72,2735,7.544
221,264,6.495
11,2232,7.164
6,1011,5.877
48,1330,5.864
11,304,7.111
105,1422,7.037
61,1590,6.391
149,1209,7.88
175,2213,7.014
59,1313,6.859
116,1841,5.642
36,606,7.881
220,567,8.187
9,769,7.146
3,668,7.081
140,40,7.288
0,2542,7.554
84,1372,7.669
17,495,7.257
10,2457,7.325
58,2530,7.685
222,358,6.9
44,550,6.694
46,237,6.75
164,32,7.33
242,359,7.838
147,540,7.944
15,1287,7.994
151,863,8.006
102,2640,6.136
39,1220,6.108
281,49,7.206
0,1297,7.452
267,1775,7.553
10,2015,7.514
5,578,6.653
73,224,7.635
273,376,7.427
8,1953,5.505
20,992,6.48
18,2865,5.992
204,233,6.815
245,1324,7.263
58,721,6.341
34,2415,6.97
122,1470,8.358
9,518,7.587
80,1556,7.801
55,298,7.373
19,968,7.261
11,993,6.943
133,1144,8.151
9,1514,7.799
140,849,6.875
80,420,7.373
70,9,6.698
115,2067,6.471
121,1457,7.102
200,2339,7.105
14,364,6.872
233,2626,7.36
3,2551,6.166
13,903,6.433
12,2731,6.335
7,1839,7.461
42,1581,5.925
72,2472,7.519
269,2013,7.237
63,2359,7.267
99,1848,6.879
4,1470,7.328
1,1628,7.337
142,642,7.6
6,1619,6.979
109,1839,7.749
27,290,7.168
226,2094,8.232
80,1244,7.586
12,2501,6.053
47,1332,6.378
9,1428,7.716
13,2141,5.868
12,868,7.162
90,81,8.397
23,2341,5.108
19,351,6.345
2,2644,6.554
171,2370,7.563
10,2013,7.695
34,2162,7.449
15,2026,7.502
84,1723,5.526
25,1301,7.302
141,2546,7.744
62,1815,5.721
1,1534,6.551
22,704,8.09
118,641,7.478
53,1455,6.981
227,2137,8.086
133,1251,7.305
53,532,7.094
62,618,7.731
40,164,7.461
56,158,6.939
282,315,7.072
116,1158,5.912
197,2322,6.876
102,2069,7.141
24,2559,5.721
32,2345,7.329
121,968,7.349
45,370,7.828
84,1594,5.802
11,743,7.219
165,473,7.533
221,347,6.475
64,1261,7.292
2,998,6.943
3,1776,5.741
105,2579,6.307
118,224,7.428
22,1335,7.551
8,932,5.967
208,559,7.447
12,1584,6.808
134,2627,7.69
212,367,6.414
12,2007,7.449
47,759,6.726
209,976,8.107
31,1757,7.404
92,884,8.345
26,685,7.538
83,2007,8.04
29,1042,7.249
32,2213,7.201
54,338,7.6
22,618,8.283
22,344,8.5
131,1835,7.997
21,666,8.066
110,2271,7.934
31,2112,6.98
127,2514,6.445
167,692,8.279
22,1733,7.821
89,1197,6.343
150,239,8.224
152,1162,6.205
86,367,6.992
61,110,6.905
54,2599,7.614
65,384,7.238
24,2758,6.65
33,2481,5.563
1,765,6.607
148,651,7.684
7,860,6.254
141,1279,7.84
52,956,9.165
197,1395,7.499
50,577,6.089
148,1080,6.355
252,2177,7.78
10,2391,6.687
1,76,5.9
37,737,7.073
66,1420,7.676
122,1314,7.835
26,656,7.519
146,2393,7.586
74,168,7.379
302,1219,7.578
122,1814,8.046
164,750,6.358
11,1175,7.246
2,1889,6.712
185,2361,7.098
7,2851,7.268
21,400,7.865
195,1132,6.459
119,2075,6.425
39,1628,6.668
4,2571,7.052
76,2336,7.554
83,2886,7.867
27,357,7.126
215,184,7.679
207,19,7.29
19,1514,7.582
9,1560,7.24
59,448,7.766
296,377,6.926
99,2671,7.264
111,690,7.823
55,2514,7.063
104,2711,6.427
1,755,7.056
305,2855,6.931
29,417,6.798
21,1465,6.664
181,379,7.501
15,1009,8.138
76,147,6.971
271,2178,6.827
96,474,7.093
135,535,7.463
6,1261,6.766
14,285,5.974
106,2320,7.461
9,355,8.068
220,446,8.445
57,659,7.412
14,862,6.964
3,2817,6.314
137,723,7.115
6,864,6.05
49,112,6.449
114,1123,7.606
240,886,7.129
25,1480,7.024
80,997,6.413
224,842,6.521
110,1287,8.375
85,665,7.574
11,1715,6.594
86,7,6.943
215,2377,7.287
67,1907,7.425
18,1967,5.448
81,885,7.23
201,84,6.754
3,992,6.242
27,1512,7.749
150,969,7.992
20,834,6.156
87,1297,7.317
86,1022,6.31
111,754,7.377
148,40,7.617
161,2124,7.802
3,2779,6.038
97,2607,6.812
16,2246,7.594
9,1459,7.432
64,681,7.231
285,107,8.055
229,2164,7.104
36,1600,8.274
189,297,6.938
49,828,5.748
138,1992,7.676
115,1313,6.436
70,2371,5.83
7,2265,5.914
150,822,7.769
23,307,6.371
57,147,6.309
51,487,7.399
53,80,7.159
261,859,7.07
138,1983,7.639
219,1162,7.785
7,1989,7.468
13,2808,5.955
18,1918,6.133
64,707,7.419
147,1089,7.517
302,2874,7.506
264,1398,6.753
39,1629,5.973
3,2841,5.526
4,2467,6.44
26,97,7.045
53,2311,6.754
9,1299,6.925
92,1347,7.986
2,1636,6.88
83,2374,7.645
46,192,7.503
0,2625,7.586
38,1420,6.542
27,1345,6.951
17,1415,7.247
11,12,6.952
85,1485,6.552
12,2498,6.306
106,72,7.019
5,1595,6.693
279,1010,7.966
181,1176,7.763
32,946,7.133
80,403,7.747
48,2168,7.294
29,562,6.49
2,642,7.127
35,829,6.222
46,147,6.563
31,111,6.453
5,649,7.226
192,98,6.597
114,473,7.656
69,1934,6.21
6,885,6.11
147,967,8.05
1,1021,7.162
5,1317,6.699
71,1336,5.721
64,2731,6.438
77,791,6.551
52,162,8.036
106,861,7.497
166,594,7.573
1,284,7.024
182,89,6.288
278,1989,8.28
70,2465,6.885
77,359,7.304
18,94,5.966
136,2303,8.236
305,164,7.376
141,2370,7.635
6,381,6.371
139,2474,7.14
143,2649,7.157
4,137,6.353
5,1589,6.52
94,1631,7.618
74,491,7.973
185,2324,7.67
203,559,7.023
44,184,7.612
250,675,7.877
213,2418,7.016
110,681,8.059
276,2853,8.005
249,2274,6.724
226,2131,8.139
48,21,6.85
118,619,7.657
81,268,7.749
119,1462,7.328
2,134,5.679
20,707,6.877
33,1719,6.316
162,2607,7.118
80,1785,6.139
53,209,7.038
9,1721,7.214
10,879,7.668
19,1072,7.052
167,1396,8.226
120,822,7.456
4,2300,6.581
62,855,6.586
155,2071,7.042
187,284,6.728
25,236,6.34
62,1659,7.409
26,982,7.574
185,2119,7.443
172,1435,7.675
30,535,7.211
280,2655,7.132
100,2581,7.207
145,338,7.558
91,1867,7.728
17,441,7.499
121,1132,6.383
59,602,8.016
282,3,5.983
47,147,6.215
1,529,7.721
246,149,7.941
165,462,7.797
264,1719,7.412
261,1775,7.401
10,1460,7.272
160,639,7.803
175,1160,7.017
41,1636,7.048
217,1305,7.083
96,574,7.001
3,272,5.064
68,1003,6.916
138,1147,7.769
166,221,6.831
73,1420,7.148
35,2634,7.404
19,701,7.312
1,1380,6.807
11,1604,7.3
274,2716,7.744
194,2119,7.405
122,1875,7.512
305,2531,7.304
252,2408,7.763
255,2162,7.675
98,2953,7.236
11,271,6.398
156,1762,5.946
180,1543,6.956
13,1384,5.366
109,1809,7.634
39,700,6.808
5,848,7.01
118,828,6.035
73,2222,6.581
3,670,6.934
209,742,8.225
5,1990,7.039
28,832,6.627
11,1305,6.448
93,889,8.065
258,316,7.728
2,2666,7.055
191,404,6.012
2,2684,7.292
57,815,6.101
12,537,6.698
22,1447,7.772
112,619,8.151
5,77,6.493
13,1717,5.785
12,2080,7.257
133,856,7.747
37,340,7.094
89,591,8.432
285,158,7.556
2,1808,6.706
78,2014,6.855
8,1422,7.148
171,2477,7.062
61,405,6.676
144,617,7.525
62,901,6.73
210,198,8.051
72,2564,7.47
47,1309,5.435
189,340,6.722
116,1277,6.212
126,644,8.204
99,1317,6.794
213,2870,7.567
0,1623,7.137
117,1419,6.823
232,2439,7.395
195,707,7.757
51,807,6.956
182,245,7.044
18,2746,6.564
7,2579,6.783
202,106,7.366
254,164,7.814
3,667,6.606
149,968,7.599
36,682,8.108
21,389,6.528
108,2357,6.49
30,969,7.303
49,552,6.786
60,641,7.639
61,886,6.82
6,327,6.228
1,555,7.451
54,230,7.222
169,2894,8.389
99,98,6.064
138,2648,7.511
205,359,7.672
11,2125,6.999
70,2698,6.874
20,110,6.317
66,838,7.562
20,1168,6.801
112,2134,8.003
12,1978,6.487
162,357,6.287
182,568,7.399
62,1617,7.048
125,342,5.725
17,793,7.242
76,297,7.631
80,1108,7.512
199,609,7.249
25,1254,7.431
20,1802,6.729
21,1055,7.289
27,2086,7.198
79,1520,8.177
52,1677,7.727
5,600,7.581
53,453,7.519
29,1760,7.315
289,147,5.992
9,1619,7.96
23,1955,6.391
56,149,7.633
286,956,8.724
20,555,6.697
0,471,7.102
24,2740,6.262
127,2013,7.51
79,42,8.684
250,972,7.66
8,48,6.692
24,630,7.09
103,1765,7.473
35,2284,6.879
14,656,7.086
245,1687,6.422
0,801,6.928
77,97,7.168
6,980,6.46
10,1191,6.145
112,728,7.658
0,2639,6.214
34,2282,6.812
81,938,7.701
122,1179,8.777
35,2289,6.783
0,2261,7.054
52,893,7.913
65,2636,5.849
115,2294,6.908
130,1802,7.496
9,219,7.151
81,42,8.371
76,1854,7.945
0,1682,7.313
210,365,7.305
9,890,7.844
117,701,7.238
3,2616,5.908
208,2853,7.051
221,254,5.509
244,1785,5.363
52,717,8.042
38,1698,5.917
54,29,7.499
157,2462,7.128
194,411,7.847
18,55,5.44
43,2403,7.746
118,218,7.12
51,477,7.901
148,528,7.207
198,421,6.396
14,2467,6.097
172,2774,7.605
40,2275,6.348
12,1870,7.456
180,1288,6.939
89,800,7.607
209,1231,7.613
60,753,7.379
28,356,6.393
60,996,6.772
196,579,7.516
14,2359,6.924
139,2350,7.096
18,2507,6.348
17,815,6.452
76,602,8.254
11,868,7.261
168,2015,7.647
126,308,7.998
151,606,7.82
84,1307,7.27
42,1017,6.162
115,1337,7.097
224,23,6.545
276,2574,7.835
55,1896,7.442
43,1396,8.336
11,1828,6.433
0,2322,6.717
15,619,8.047
2,2628,7.089
253,1460,7.951
10,1359,6.938
57,1002,6.727
33,2067,5.885
48,2842,7.751
26,630,7.627
100,2013,7.53
65,365,7.456
129,327,7.025
194,2908,5.933
9,1666,6.743
3,641,6.704
246,207,7.063
110,2354,8.435
33,271,5.71
4,2579,6.776
40,2609,6.483
35,2674,7.281
4,1201,6.45
267,1261,7.979
171,168,7.162
216,1332,6.715
2,2131,7.172
132,446,8.597
173,165,8.074
231,266,6.935
95,416,8.415
171,558,7.78
21,576,8.013
172,2638,7.595
103,2164,7.239
263,134,5.976
20,1792,5.779
14,2222,6.08
210,309,6.892
280,885,6.865
111,287,7.995
216,1509,7.295
36,1145,8.382
1,1785,5.73
52,566,7.737
187,253,6.865
82,864,6.755
126,555,7.896
6,2667,6.318
1,902,6.29
32,2899,7.575
229,2327,7.023
174,2564,7.733
295,2628,7.74
56,566,6.812
9,1457,7.287
105,1948,6.518
2,1839,7.231
180,1703,6.493
95,1109,7.778
63,386,6.976
68,2640,6.497
125,1378,7.866
0,2019,6.907
62,1061,6.998
47,297,6.894
4,349,7.285
27,656,8.045
43,2398,7.123
24,2663,6.75
172,1364,7.9
15,488,7.622
177,294,7.653
125,834,7.32
109,2888,7.693
92,1002,7.552
14,762,6.91
133,1055,7.374
11,2110,6.591
62,1099,4.947
100,2746,7.45
193,1617,7.393
41,211,6.854
3,2131,6.617
84,830,6.7
40,2592,6.563
60,1944,6.829
61,1484,6.849
5,638,7.455
293,464,8.048
162,2515,6.214
57,762,7.115
26,1171,6.445
180,1336,5.635
184,2655,6.698
152,2877,6.458
170,99,7.49
9,1853,7.662
0,891,7.711
4,2665,7.441
34,2285,7.926
2,1916,6.135
28,1067,6.669
69,2192,7.214
17,2064,6.85
93,617,8.699
131,224,8.412
117,1427,7.162
102,2435,5.383
219,1727,7.314
19,1074,6.551
8,300,5.965
201,835,7.691
1,1619,7.788
45,164,7.859
42,1362,6.057
277,2628,8.023
18,2843,5.041
25,844,7.392
3,2714,6.3
55,214,6.865
208,2530,7.04
248,218,6.883
73,558,7.641
24,2285,7.088
3,1338,5.265
44,926,6.765
123,2328,7.185
184,1279,7.187
33,1839,6.691
6,583,6.452
64,1332,6.543
66,284,7.521
3,1108,6.098
188,292,6.616
215,1321,7.257
90,1796,8.065
167,2359,7.775
266,2018,8.003
1,601,6.908
21,1012,7.454
75,835,7.361
140,1839,7.16
16,1376,7.246
3,1114,7.12
82,2421,7.427
26,1567,6.407
135,1493,7.484
121,617,7.943
200,996,6.663
25,970,7.384
94,2027,7.88
31,81,7.52
19,1200,6.097
3,540,6.518
149,42,8.364
21,501,8.189
222,2403,7.303
26,1184,7.408
36,184,8.395
134,2717,7.816
2,1024,7.136
45,1216,7.265
92,1829,7.459
65,2445,7.451
153,690,7.375
260,30,7.166
169,660,8.342
227,1837,7.382
28,1558,6.832
153,148,7.724
54,540,7.458
113,885,6.939
117,1117,7.475
148,1706,7.401
13,1029,6.36
20,1854,6.842
14,1334,5.768
142,0,7.555
54,641,7.66
84,1570,7.157
261,1167,7.224
34,620,7.852
190,2499,6.89
51,2320,7.17
2,809,6.513
4,2844,7.448
170,592,7.597
33,2580,6.546
72,765,6.932
4,2878,6.987
10,1338,6.241
35,1334,6.221
3,1955,6.432
19,1443,6.036
19,300,6.572
7,552,7.104
3,1801,6.524
25,1278,6.464
93,1437,8.227
262,969,7.769
3,2071,6.714
18,2854,5.877
2,2927,6.952
37,376,7.639
1,1629,6.649
73,2580,7.488
145,91,7.191
66,1439,7.883
99,1364,7.359
196,948,7.652
5,2270,7.559
79,665,8.302
67,2058,7.039
94,1159,8.466
145,99,7.213
12,2204,7.239
138,1381,7.904
140,224,7.158
283,272,5.906
46,45,6.649
23,1846,5.876
225,363,8.187
305,2339,6.824
37,911,7.587
255,1775,7.498
38,1864,6.458
248,195,6.048
186,707,7.308
4,2177,7.327
157,186,7.238
73,677,7.414
111,840,7.705
35,2803,7.254
19,809,6.915
121,1706,7.58
83,2132,7.501
47,1069,6.979
194,2897,7.369
42,1824,6.48
103,362,7.486
118,2224,6.971
55,2521,7.79
13,533,6.587
9,606,7.64
152,2849,6.213
143,2771,5.881
223,2327,7.349
178,81,7.621
34,1631,7.296
288,635,7.899
226,2901,7.959
101,1912,8.302
22,142,7.582
121,532,7.525
181,633,8.569
67,2018,7.629
71,15,7.63
246,150,6.31
175,2323,7.049
26,751,6.799
61,841,7.692
6,465,6.96
196,184,7.89
154,807,6.054
28,259,5.777
34,2948,6.65
122,1862,7.91
269,596,7.144
22,889,7.638
77,108,7.235
40,2053,6.072
45,628,7.926
254,217,7.652
111,1144,8.125
218,153,6.854
117,510,7.833
159,96,7.476
104,2691,7.247
157,2117,6.815
21,1405,7.671
70,2185,5.307
108,2198,7.789
47,1377,5.501
2,1875,6.257
136,658,7.856
176,540,7.181
136,2370,7.801
32,1163,7.542
16,1325,7.917
27,358,7.345
118,2162,7.057
3,629,7.017
17,2253,7.539
192,555,7.746
9,1037,7.781
45,268,7.465
230,2830,7.231
278,2434,8.117
273,774,6.874
111,110,7.467
201,1992,7.595
64,2812,6.66
254,198,8.106
40,2504,6.433
158,1502,7.505
3,895,5.458
49,324,6.222
236,580,7.305
6,672,7.065
7,2336,7.027
235,500,7.93
213,2323,7.34
1,1269,7.237
21,1505,7.013
14,923,6.613
8,378,5.641
88,217,7.779
8,1908,5.77
4,2279,5.949
134,2131,8.405
239,1992,8.002
147,1275,6.573
68,2747,6.754
214,2323,8.03
21,492,8.061
54,2814,7.05
117,155,7.595
172,2463,7.655
2,2836,6.881
56,589,6.823
85,2060,6.444
130,1049,7.209
3,2349,6.361
99,812,6.971
279,1096,7.114
19,1170,6.414
57,230,6.946
27,1069,7.831
8,423,6.36
101,381,8.082
235,2328,7.209
0,903,7.232
46,217,7.591
70,1802,6.916
4,388,5.97
66,1351,7.791
262,863,7.953
19,1198,5.119
249,2473,7.464
162,426,6.264
138,275,6.744
13,925,4.721
14,2164,6.331
31,620,7.4
4,2395,6.603
162,533,7.178
25,583,7.019
236,1380,6.384
55,2706,8.279
8,1139,6.628
238,2505,7.079
6,2604,6.597
115,834,6.546
69,2414,7.45
33,879,6.738
32,1444,7.782
255,1287,8.213
291,1287,7.869
124,678,7.971
1,1591,6.882
270,621,7.783
118,2069,7.285
35,230,7.205
83,2549,7.575
158,764,5.928
103,29,7.921
74,175,7.999
91,1176,7.404
20,583,6.484
225,108,7.707
106,2035,7.551
226,640,8.485
163,1287,8.112
266,656,8.263
210,258,7.352
127,2429,7.02
301,505,7.199
6,2734,6.949
123,1765,7.206
117,574,7.459
54,885,6.883
33,273,6.253
178,1706,7.377
197,1985,7.287
250,1266,7.266
9,1434,7.054
132,822,7.806
4,2198,7.312
20,370,7.05
261,328,8.167
95,1820,6.071
35,419,5.977
0,1652,7.432
86,387,7.614
72,1507,8.082
253,774,7.698
48,2342,7.241
257,183,7.822
42,457,7.37
56,339,6.422
48,1808,7.188
195,1744,7.729
3,2370,6.459
97,2652,6.77
132,2004,8.031
110,2004,8.097
16,1034,7.305
20,2124,6.874
22,1184,7.891
145,542,7.318
271,1793,7.596
76,1989,7.95
24,2545,6.993
29,2449,6.84
5,1029,6.978
26,719,7.854
161,224,7.759
196,1654,7.919
154,1340,5.168
281,33,7.142
216,1767,6.895
140,674,7.157
95,866,7.954
114,624,7.894
16,2328,7.135
0,1949,6.546
214,617,8.633
15,1514,7.796
1,393,6.962
3,1832,5.389
217,1103,7.526
265,492,7.747
281,273,7.143
14,2168,6.662
26,164,7.721
29,1555,7.56
112,993,7.469
50,2019,7.122
108,46,7.861
26,1825,6.25
144,674,7.267
113,2655,7.189
21,952,7.716
21,464,7.942
42,617,7.398
29,685,7.496
5,467,7.587
33,108,6.254
107,2535,7.499
133,1314,7.459
158,1209,8.11
39,612,7.041
39,1148,6.287
14,707,7.13
111,873,7.192
19,396,6.984
25,1149,5.857
16,1364,7.689
290,114,6.165
161,357,6.82
235,2529,7.05
42,1462,7.04
19,694,7.733
38,1613,5.193
257,374,7.183
44,164,7.477
25,1289,5.61
65,2628,7.624
104,912,5.31
31,2242,6.495
40,915,6.564
110,1626,8.232
6,661,7.01
80,1598,7.206
11,1444,7.563
13,2476,6.048
246,272,6.295
157,196,6.634
185,2421,7.511
0,722,7.378
34,2607,7.674
28,1608,7.03
28,535,6.999
188,561,7.198
233,2834,7.058
63,1721,6.799
223,1328,7.02
0,2708,6.356
152,1996,5.809
48,2393,7.648
165,759,7.061
0,536,7.145
173,309,7.498
5,722,7.214
29,2659,7.172
115,634,7.3
25,142,6.984
266,417,7.589
29,1396,7.72
12,1571,6.29
169,141,8.44
128,1906,7.139
40,868,7.154
0,2021,6.936
129,2062,7.219
50,1681,7.562
1,858,7.384
277,2735,7.669
187,446,7.812
5,1165,6.944
2,1818,5.947
4,2800,6.306
98,885,6.792
266,478,8.189
221,128,5.844
28,102,6.095
254,159,6.79
142,611,7.146
91,1381,8.024
17,868,7.539
39,1800,6.788
140,297,6.826
68,2342,7.183
28,1083,6.783
140,2567,6.379
24,2358,6.892
13,1292,5.675
24,1972,5.665
7,1451,7.05
166,682,7.261
287,80,7.055
13,2558,6.317
15,54,7.636
0,2750,6.735
92,550,7.535
98,1529,6.808
63,1989,7.422
87,903,7.08
74,665,7.994
104,2819,6.773
14,2637,6.176
101,2950,6.909
72,774,7.414
13,2822,6.438
53,476,7.507
224,1366,5.299
126,198,8.541
18,2643,6.041
62,6,6.774
69,1370,7.374
40,178,6.622
116,1288,6.449
3,633,6.905
140,2534,6.668
15,418,7.135
2,2436,6.027
103,1422,8.12
117,714,7.763
160,1375,6.615
12,2434,7.146
106,1631,7.482
4,1322,7.047
6,2405,5.985
200,968,7.123
70,2177,6.918
68,2411,6.946
3,805,6.659
2,2892,6.425
29,1199,6.829
15,2198,7.688
15,1992,7.648
44,1598,6.452
61,2124,7.496
3,2781,6.801
221,199,7.22
9,1667,7.04
4,1955,7.228
69,594,7.608
237,536,7.57
32,971,7.506
205,1462,7.924
33,2113,5.833
259,2046,7.119
25,585,6.875
102,2127,7.016
6,907,5.685
26,1163,7.51
188,233,6.428
1,1311,7.666
102,1654,7.61
50,499,6.917
1,1227,7.119
5,217,7.299
2,1626,7.22
14,4,6.32
167,1520,7.871
38,2333,6.243
159,1631,7.079
162,982,7.32
57,168,6.686
4,2734,7.532
13,1848,6.157
212,2007,7.129
7,946,7.004
102,2652,7.071
0,765,6.379
27,879,8.145
36,574,8.008
22,1297,8.007
4,2733,6.451
87,1634,6.735
15,2084,6.299
8,473,7.075
8,931,6.313
19,1078,6.978
11,1555,7.48
68,1934,6.604
99,1058,6.528
11,615,7.657
74,468,7.672
1,1483,6.82
84,1867,7.55
47,674,7.254
131,558,8.422
68,656,7.642
29,30,7.067
190,1896,7.034
284,775,7.118
22,744,7.839
25,1367,6.51
257,30,7.293
282,197,6.465
201,1751,6.579
135,1420,7.256
19,1358,7.12
18,1453,6.225
17,1297,7.669
165,749,6.726
103,1208,8.051
88,982,7.78
120,942,6.78
14,2226,6.558
248,367,6.597
36,1733,7.882
12,1287,7.477
199,551,7.617
102,759,6.811
45,775,7.321
134,1699,7.822
12,214,6.116
72,29,7.884
20,1743,6.371
17,992,7.262
47,1580,6.594
138,2213,7.463
61,1808,6.964
108,367,7.334
34,2833,5.937
78,458,7.851
202,587,7.307
259,1840,7.616
133,465,8.19
159,1908,6.353
271,968,7.484
10,630,7.725
84,272,6.239
39,676,7.388
69,809,6.605
189,532,7.149
1,280,7.205
0,2445,7.15
55,416,8.166
144,2722,6.853
254,315,7.199
67,1800,7.746
47,384,6.692
271,1706,7.731
17,647,7.956
82,1378,7.407
1,2026,7.325
90,955,8.531
217,1706,7.94
217,1162,8.045
9,822,7.488
105,2404,7.052
52,1515,8.493
17,457,7.918
134,2655,7.935
37,2331,6.954
18,1520,6.463
87,1128,6.721
263,319,7.547
1,313,6.657
70,2131,7.023
56,613,7.274
10,1093,6.858
7,1031,6.418
171,403,7.468
138,1890,8.114
73,1804,7.121
291,2224,7.25
34,2776,7.306
19,399,6.42
180,807,6.767
12,2470,7.08
25,1681,7.356
21,1666,6.885
196,446,8.02
61,1854,7.463
89,935,8.038
190,2178,6.595
165,620,7.54
3,679,6.631
170,1989,7.826
20,673,6.621
212,2366,6.696
2,2828,7.161
201,1848,7.253
79,1672,8.442
17,1111,7.308
5,16,6.561
102,2015,7.195
207,111,6.939
2,589,6.503
39,574,6.9
50,2020,7.096
56,144,6.601
13,2810,6.658
7,2403,7.126
1,1711,6.863
11,542,7.159
133,1209,8.054
92,777,8.302
23,33,6.15
25,1558,6.959
77,800,6.845
49,213,6.659
210,117,6.345
16,182,6.99
1,573,7.589
10,2405,6.739
21,1441,7.861
1,1104,6.369
249,198,8.157
81,1032,8.298
15,2255,7.601
34,2540,7.171
86,526,6.805
54,1654,7.92
11,768,7.353
52,184,8.763
95,1417,8.006
147,894,7.843
26,686,7.5
31,1101,6.344
103,1890,8.299
49,2329,6.916
21,1032,8.338
90,498,8.415
227,787,7.322
18,2172,6.473
27,1792,6.981
123,639,7.638
203,1906,6.943
93,2479,8.097
36,1507,8.184
2,2780,5.634
43,2373,6.578
115,1775,6.734
119,113,5.907
42,1772,5.75
117,626,7.547
134,2855,8.19
15,2161,7.697
42,1664,6.422
295,346,7.474
80,2062,7.621
75,2174,5.263
15,631,8.044
1,1377,5.944
34,640,8.145
8,422,6.101
32,2599,7.59
93,398,7.578
24,2762,6.812
106,147,6.976
95,2452,7.88
4,2119,7.229
54,2359,7.415
3,197,5.626
219,533,7.72
24,2931,6.949
3,2764,6.673
13,1108,6.104
5,2079,5.988
170,638,7.963
207,152,7.066
105,30,6.573
46,482,7.324
38,55,5.914
219,2013,7.878
134,2801,8.603
59,1040,7.813
73,403,7.337
12,1332,6.419
1,1332,6.798
249,1163,7.628
294,1669,7.885
4,1854,7.42
20,349,6.727
17,2037,7.808
55,864,7.203
131,1048,7.969
18,422,5.629
182,148,7.598
80,983,7.052
21,520,7.22
82,1499,7.186
36,835,7.994
6,1659,6.825
36,1674,7.761
198,245,6.97
214,596,8.339
64,346,6.994
117,1250,6.963
165,134,5.989
45,2066,6.912
136,1287,8.178
58,1298,7.412
3,2934,6.006
110,762,8.027
26,968,7.214
72,198,8.462
145,550,6.944
29,1682,7.342
163,681,7.792
8,1845,6.396
92,1842,7.69
206,472,6.792
200,121,6.64
49,1443,5.555
128,679,7.302
2,1948,6.726
57,1851,7.164
21,244,7.135
55,1751,6.851
285,110,7.599
77,1137,7.575
221,294,7.088
40,2429,6.862
13,2873,5.622
12,757,6.43
9,1656,7.896
99,2209,7.469
53,1137,7.163
100,2403,7.114
15,1907,7.31
262,32,7.857
0,2521,7.212
172,1997,7.419
251,1543,7.537
3,1970,5.868
74,338,7.972
214,1160,8.012
108,1922,7.793
53,972,7.138
28,610,6.813
15,762,7.623
93,1606,8.117
51,1528,7.613
97,2655,6.484
39,1013,6.447
117,689,7.294
186,2176,6.257
28,477,7.517
96,1094,6.895
205,1996,7.633
2,2427,7.181
238,1064,7.481
83,1417,7.621
73,2131,7.611
133,663,8.105
108,2007,8.081
74,490,7.844
85,416,7.689
77,285,6.525
0,1199,6.764
153,224,7.587
240,659,7.915
96,141,7.192
115,1302,6.008
243,1381,7.581
91,550,7.378
13,878,5.477
13,1380,5.811
100,2575,6.838
111,372,7.246
97,1831,4.751
138,2298,7.286
125,879,8.097
213,1420,7.184
110,363,8.268
0,803,6.24
267,2698,7.875
0,1657,7.781
14,2722,6.716
98,2327,6.674
2,2605,6.374
294,49,7.692
21,459,8.276
107,1181,7.157
145,25,7.546
39,633,7.189
258,701,7.676
2,2881,7.371
34,2795,7.729
17,818,5.681
7,2769,5.98
14,2285,7.192
17,1500,6.853
86,761,6.659
28,1134,6.129
31,224,7.362
11,1083,6.902
49,1800,6.944
24,2786,6.512
127,2641,6.515
13,2921,6.262
116,1829,6.326
244,434,6.44
139,80,7.281
113,2102,7.129
48,2684,7.815
135,1280,6.126
5,2112,6.925
168,1844,6.7
7,1367,6.513
178,868,7.347
101,1765,8.048
274,2526,7.139
51,619,7.92
2,1080,6.085
36,1010,8.222
45,297,7.333
5,302,6.764
97,2246,6.852
179,1716,7.274
241,818,6.0
217,1163,8.001
75,1763,6.693
39,1065,6.415
244,396,6.662
91,456,7.535
2,2777,5.952
260,98,6.277
0,2402,6.633
72,2684,8.073
242,1162,8.186
41,367,6.791
6,479,7.277
77,14,7.607
2,2834,6.541
150,452,8.478
22,1217,7.126
41,931,6.675
30,748,6.184
18,2072,6.183
0,1505,6.458
177,230,7.382
67,1043,7.527
153,298,6.945
261,184,8.235
10,722,7.56
24,1305,6.038
106,230,7.636
13,918,5.16
45,756,6.741
147,1553,7.802
0,1555,7.54
30,1494,7.716
19,230,7.24
144,2131,7.236
2,273,6.79
12,1775,6.746
58,689,7.919
22,1622,7.684
5,1550,6.562
17,641,7.715
85,1765,7.006
45,269,6.397
51,2607,7.546
107,2441,6.915
2,478,7.064
12,416,7.41
10,1620,7.739
244,1934,6.234
74,314,7.464
43,198,8.566
273,46,7.373
7,1283,6.218
120,1260,8.13
207,87,6.245
27,103,6.857
133,690,7.858
82,2173,7.334
15,352,7.542
253,1337,8.056
42,859,6.235
59,349,7.576
10,58,7.293
27,2040,6.13
89,2226,7.859
31,2294,6.957
21,1657,8.354
8,555,6.837
17,2021,7.166
15,848,7.577
4,2227,6.668
268,755,6.827
15,308,7.733
266,1248,8.419
126,608,7.764
160,1790,7.616
128,284,6.686
273,603,7.269
131,1320,7.764
137,942,6.835
163,184,8.246
233,360,7.726
11,881,6.775
29,45,6.603
6,2142,5.957
74,573,7.92
22,697,8.043
5,2404,7.327
63,1108,6.874
86,707,7.593
71,164,7.763
74,26,8.051
229,362,7.316
72,639,7.875
16,387,7.748
3,885,5.915
175,1177,6.978
166,707,7.264
40,2492,7.061
218,165,7.763
164,1254,7.4
96,1328,5.905
90,1449,8.312
161,626,7.762
10,2224,7.144
72,2106,8.021
131,734,7.915
3,921,4.998
1,1071,7.433
150,465,8.25
243,41,6.395
214,2370,8.153
228,686,8.33
158,1020,7.356
7,224,7.452
110,348,7.713
216,889,7.203
209,420,7.757
59,1773,7.449
47,1201,6.215
255,1337,7.827
6,42,7.257
68,2916,7.84
50,1335,7.199
18,1955,6.353
236,625,7.579
182,558,7.494
6,1658,6.773
54,2920,7.33
18,141,6.653
139,363,7.448
160,1717,7.034
156,890,7.505
102,1942,7.011
147,869,8.253
61,1935,6.733
0,1934,6.366
22,568,7.918
10,1024,7.499
214,2035,7.939
46,568,7.465
60,682,7.6
53,452,7.624
2,2075,6.238
1,420,6.968
142,777,7.866
190,2164,6.858
52,686,8.465
90,976,7.907
112,463,7.569
111,839,7.61
40,2072,6.889
13,2797,4.95
45,2476,7.058
0,1663,7.413
14,1044,6.716
33,2499,5.929
136,886,7.368
18,1442,6.033
241,583,7.603
1,1061,7.159
71,618,7.863
153,762,7.393
153,763,6.406
93,2607,8.276
68,1967,6.546
74,319,8.021
15,670,8.099
150,565,8.027
15,2507,7.633
4,852,6.929
35,2414,7.722
188,110,6.899
59,2153,7.128
56,316,7.328
264,1744,7.764
31,595,7.746
43,1953,6.533
2,1500,6.391
98,2519,6.026
11,2009,6.418
7,861,6.967
78,2348,6.489
7,2609,6.7
53,1176,6.695
103,151,8.008
127,42,7.804
16,1672,7.885
20,1947,5.664
91,2222,6.935
181,699,8.321
47,1400,7.033
15,2085,6.823
16,2546,7.621
92,1325,8.373
86,324,6.637
278,2320,7.79
151,574,7.902
284,19,6.941
44,1327,6.694
148,829,6.169
13,110,6.092
77,1092,6.818
145,12,7.107
22,1438,7.535
7,1396,7.708
199,1062,6.933
214,215,8.028
127,224,7.406
188,40,7.559
305,0,7.077
124,1285,7.437
129,329,7.694
85,1321,7.412
94,1056,7.847
2,1465,5.884
5,1775,6.756
175,2263,6.527
72,1287,8.173
73,570,6.862
75,633,7.666
4,134,5.907
14,1992,6.947
122,2021,7.956
102,1472,6.841
0,2666,7.288
221,29,7.049
82,1303,6.776
34,367,7.225
172,2389,7.374
19,882,5.958
28,474,7.314
2,1514,7.171
24,2379,5.788
21,1525,8.08
121,728,7.4
3,2637,5.721
60,2599,7.583
32,2618,6.011
7,936,6.622
12,842,6.904
0,2953,7.14
56,349,7.435
215,1329,6.867
264,1689,6.585
21,1116,7.467
4,218,7.149
79,1728,8.213
64,2137,7.645
267,2607,7.917
162,42,7.654
260,362,7.024
5,24,6.458
302,2517,7.858
101,359,8.24
134,207,7.619
7,376,7.437
184,927,6.761
16,818,5.72
26,654,7.955
135,338,7.757
38,183,7.133
168,2949,7.79
185,2666,7.507
135,856,7.402
230,2738,7.108
41,15,7.437
76,40,8.085
143,2698,7.787
25,448,7.488
104,589,6.541
56,69,7.266
244,1048,6.88
13,2202,5.455
80,230,7.715
90,499,7.522
6,2592,6.183
53,1634,6.689
302,2274,7.315
299,2542,7.637
241,369,6.933
151,1351,7.644
31,639,7.233
0,453,7.713
198,335,7.296
299,2404,7.615
33,575,6.508
18,2118,5.051
304,2746,7.124
227,1998,8.065
130,41,6.554
153,572,7.518
147,1573,7.679
150,233,7.115
86,818,5.59
115,1329,6.759
55,2679,7.565
116,1877,5.969
86,419,5.99
73,626,7.627
202,808,6.461
51,160,7.139
10,594,7.92
186,1110,7.218
36,1922,7.956
229,1444,8.041
62,1997,6.984
6,935,6.47
34,2690,7.197
6,890,6.861
9,1904,7.671
303,309,7.45
84,569,6.467
129,568,7.599
2,2051,6.43
203,575,6.903
1,1722,7.195
184,198,7.658
42,147,6.124
48,2892,6.939
116,1340,5.367
118,245,6.998
167,2026,7.626
228,2374,8.134
14,1261,7.017
249,2622,7.153
2,2044,5.404
15,500,7.971
61,2411,6.744
229,893,7.282
35,2731,6.6
108,2149,7.337
51,2308,7.699
114,1064,7.339
232,1162,7.886
295,40,7.973
61,2593,7.177
11,2124,7.413
38,1337,6.799
137,829,6.526
62,905,7.27
9,337,6.469
240,699,7.814
84,1694,7.704
1,1466,7.64
64,1944,6.622
9,30,7.421
145,373,6.995
3,1277,5.859
166,914,7.159
209,815,7.221
2,2178,6.203
87,1520,7.204
266,1489,8.345
93,2404,8.522
245,1381,7.086
128,174,6.702
4,2155,5.547
198,37,6.133
154,1408,5.958
223,2257,8.287
159,2332,6.906
104,2166,6.221
19,730,6.934
236,363,7.298
42,1002,6.545
30,1187,6.85
178,2438,5.934
239,2593,7.84
30,573,7.393
150,184,8.444
2,2873,6.18
1,539,7.595
127,363,7.502
69,1557,7.122
89,72,7.475
13,2513,5.448
66,58,7.826
295,2899,7.872
0,662,7.258
288,1378,8.084
124,1364,8.003
1,1159,7.997
14,518,6.841
11,324,6.472
103,835,7.952
3,64,6.661
1,1633,7.352
31,316,7.117
5,2136,7.046
95,1596,7.765
32,2656,6.774
291,1016,7.635
2,818,5.209
51,2772,5.885
44,1541,6.241
106,362,7.424
251,2511,8.055
59,683,7.89
87,611,6.743
74,346,7.592
9,2129,7.552
194,2327,6.747
2,2786,6.746
14,2510,5.617
102,2617,7.26
263,178,6.869
238,468,7.442
34,2405,6.947
101,417,7.903
1,366,7.238
10,2171,7.294
282,363,7.527
69,417,6.606
102,2343,6.513
228,2845,7.56
2,2411,6.48
198,107,7.262
81,681,7.802
92,500,8.308
38,362,6.486
14,1303,6.296
224,1291,6.799
161,1447,7.547
19,0,7.47
147,1217,7.205
199,67,6.307
39,1214,5.418
124,1325,8.218
106,214,6.824
206,364,6.763
2,1212,6.023
124,1783,6.236
48,2549,7.422
153,64,7.625
23,2348,5.549
127,1830,7.224
7,2322,6.712
0,2212,6.958
127,2539,7.37
255,826,6.976
2,749,6.381
1,1745,7.583
304,617,7.37
48,1925,6.604
140,2467,6.145
41,1073,6.781
43,2127,7.765
79,2026,7.945
202,287,7.533
73,2255,7.4
35,2916,7.712
119,2337,6.827
24,2796,6.324
114,653,7.477
173,1802,8.042
0,1620,7.549
188,105,5.742
8,533,6.967
28,1079,7.038
88,2156,7.276
159,417,6.892
16,1379,7.155
5,446,7.688
8,348,6.557
23,147,5.595
120,1400,7.638
53,627,7.406
207,193,6.42
0,966,7.533
28,675,7.363
71,1896,7.023
7,1786,6.257
95,1955,8.092
239,2474,7.906
215,274,7.016
1,1502,6.982
24,2535,7.012
15,2062,7.381
5,241,6.699
63,478,7.327
41,1880,6.463
46,1009,7.858
3,1168,6.583
61,622,7.387
55,2268,7.404
109,184,8.064
5,875,6.949
86,93,6.805
38,1160,6.672
142,315,7.298
90,370,8.41
156,540,7.369
124,967,7.984
140,821,6.566
98,1701,6.785
62,381,6.981
68,0,7.558
272,215,7.685
248,233,6.163
122,568,8.381
1,917,7.812
49,381,6.644
80,1516,7.536
229,184,8.175
5,1495,6.935
18,583,6.157
1,1218,6.326
3,2304,6.476
78,2294,7.183
209,656,8.403
40,228,6.559
65,2494,6.873
0,1882,7.427
139,1767,6.699
302,1220,7.388
108,2328,7.353
1,11,7.598
4,2436,6.253
49,1808,6.626
2,1791,6.44
210,346,7.174
11,825,6.734
26,842,7.148
17,650,7.594
74,496,7.611
66,890,8.17
19,322,5.958
57,1906,7.135
42,926,6.573
91,552,7.616
21,1175,7.823
0,2611,7.548
2,2687,6.085
124,1775,7.491
0,2258,7.045
186,2368,6.497
16,1212,6.527
15,1142,7.195
141,1016,7.723
46,773,6.531
57,2106,7.326
7,2110,6.681
232,674,7.909
17,775,7.311
149,80,7.859
177,94,7.19
179,359,8.02
22,1599,7.353
32,242,7.062
3,2768,5.59
12,1842,6.843
25,185,7.258
64,2580,7.235
116,1907,6.495
14,1299,6.199
63,1123,7.414
51,1287,7.873
19,220,6.927
6,1157,6.757
0,2494,6.569
37,1984,7.049
297,2013,7.776
225,8,7.487
8,1250,6.418
40,1116,6.75
27,204,7.173
46,151,7.516
79,551,8.495
8,1742,6.482
109,2938,7.065
7,2018,7.159
6,525,6.594
45,1818,6.397
36,594,8.416
152,2762,6.014
85,889,7.202
64,2124,7.412
30,2055,6.421
25,1738,6.922
289,168,6.417
56,416,7.671
1,1336,5.806
5,2306,6.785
47,1742,6.653
54,2893,7.015
152,982,6.263
289,110,6.437
268,589,6.727
32,209,7.334
149,1217,7.085
152,2847,6.149
2,1925,6.077
19,872,7.177
13,2155,4.752
140,2166,6.16
79,86,8.059
162,359,6.903
28,1015,5.624
27,2215,7.765
143,2655,7.476
4,419,5.851
62,121,6.65
71,993,7.164
65,618,7.987
119,2285,7.5
100,2344,7.222
33,2625,6.816
172,617,8.193
59,2392,7.65
14,2539,7.027
131,1248,8.591
31,171,7.325
162,2609,6.486
163,1006,7.333
32,2717,6.97
23,1669,6.458
24,2902,6.841
22,609,7.823
1,1097,6.908
2,1910,6.79
75,1874,7.639
9,647,8.138
102,1345,6.152
4,1040,7.526
117,1109,7.014
26,1157,7.444
115,2004,7.155
142,575,7.514
168,2605,6.931
120,273,7.388
3,2125,6.259
156,2212,6.996
95,992,7.89
89,782,7.172
61,96,7.383
22,585,7.393
80,1687,7.452
147,1759,7.382
179,1194,6.63
122,1877,7.404
286,1709,7.996
123,849,7.468
260,49,7.236
1,106,7.435
63,1365,6.795
90,456,7.824
38,816,6.229
22,701,7.701
280,2954,7.31
46,630,7.659
72,1462,7.898
5,1468,6.929
137,1533,6.594
3,648,6.823
170,2521,7.602
245,926,6.501
21,1350,8.041
57,1248,7.455
4,2570,7.116
3,1090,6.382
108,459,8.175
7,2064,6.635
9,1890,8.149
73,1396,7.854
129,207,6.856
253,1906,8.096
31,1466,7.336
3,1544,6.281
77,1147,7.558
6,197,5.829
17,2225,6.725
4,1791,6.691
156,2215,7.177
181,594,8.615
21,177,7.286
13,690,6.435
75,1245,5.742
200,767,7.047
193,1305,6.865
22,1631,7.507
6,285,5.743
145,23,7.193
8,2214,6.065
128,446,7.747
11,788,7.447
29,148,7.62
3,744,6.484
108,225,7.55
1,686,7.637
130,533,7.564
85,409,7.587
47,1070,6.35
10,2306,7.122
55,1951,6.603
57,252,6.588
37,1848,7.174
12,1996,6.9
198,563,7.23
96,1827,5.845
282,96,7.378
78,2067,6.752
46,241,6.972
4,946,6.989
1,546,7.269
291,2013,7.792
113,160,7.087
33,30,6.281
246,152,7.08
85,1066,6.662
5,1527,5.841
7,2500,6.623
197,822,7.229
228,1003,7.586
44,2063,7.016
8,21,6.135
2,1153,6.757
72,91,7.616
219,1051,7.342
203,1870,7.241
154,160,6.217
65,1569,7.678
143,2734,8.072
9,1072,7.242
202,224,7.573
294,387,8.064
34,112,7.119
134,862,8.297
52,607,7.909
223,942,7.157
142,612,7.758
234,2041,7.432
8,62,5.851
16,1338,6.337
27,1728,8.004
97,1830,6.801
288,1595,7.615
7,2449,6.792
49,1365,6.481
243,133,6.804
15,2462,7.527
11,624,7.663
196,667,7.552
46,232,7.135
0,2776,6.957
256,2701,7.692
173,2349,7.898
290,272,6.053
67,2113,7.062
50,1376,7.191
79,360,8.264
144,1422,7.332
33,2583,6.382
16,1208,7.725
107,164,7.647
247,122,5.887
234,656,7.964
2,2641,6.335
252,2672,8.018
24,2041,6.453
26,1427,7.166
87,928,7.0
15,638,7.957
66,1720,8.013
74,473,7.993
270,685,7.889
3,2225,5.7
109,2531,7.876
22,560,7.736
89,147,7.405
2,2840,6.428
143,2298,7.431
14,963,6.799
101,935,8.196
32,2850,7.323
51,222,7.267
205,93,7.231
9,938,7.588
92,2465,7.963
270,374,7.319
2,646,7.299
167,1946,6.668
28,910,6.538
2,2742,7.228
50,2305,6.568
181,164,8.519
238,416,7.859
248,174,6.544
89,405,7.605
137,1721,7.228
47,1084,6.241
215,1604,7.292
2,647,7.492
34,774,7.257
302,2809,8.006
24,1905,6.178
189,291,6.585
139,2198,7.242
114,1339,6.826
129,1851,7.506
92,547,8.089
10,785,6.241
116,1825,5.732
4,186,7.262
13,1337,6.44
150,1422,8.197
0,2251,7.34
294,108,7.598
159,925,5.633
22,1748,7.439
1,1354,7.382
14,580,7.161
7,1201,6.449
218,273,7.498
75,1828,6.462
10,167,7.441
11,627,7.51
24,2353,5.72
8,1667,6.248
30,142,7.044
25,472,7.218
225,157,7.018
207,196,7.061
5,1931,7.389
4,2529,6.697
14,2079,5.826
73,17,6.067
53,1117,7.197
39,490,6.849
207,170,6.819
39,72,6.025
265,762,7.467
181,1312,8.429
107,2008,6.363
46,346,7.148
233,2692,7.235
2,2454,6.882
31,272,5.781
38,2294,6.636
14,2495,7.111
41,1002,6.799
148,2015,7.4
121,8,7.027
118,2577,7.064
20,396,6.231
78,1117,7.515
212,1978,6.197
19,179,6.93
17,697,7.715
79,1312,8.416
7,2868,6.584
103,242,7.509
254,269,6.338
135,370,7.918
4,2222,6.4
180,504,7.668
182,360,7.462
119,302,6.908
45,1829,6.972
16,551,7.922
187,38,6.975
85,648,7.723
41,722,7.339
230,2746,7.583
18,349,6.384
211,489,8.651
232,1153,7.45
8,14,6.96
144,2580,7.128
56,570,6.783
279,1129,7.664
270,696,7.941
37,1851,7.51
252,2069,7.752
19,822,7.242
3,425,6.693
20,348,6.35
99,1462,7.298
35,178,6.918
51,822,7.35
0,2659,7.134
289,121,6.19
15,1397,7.161
108,494,7.569
69,1746,6.595
18,622,6.418
154,1299,5.887
64,2801,7.596
108,2340,7.81
273,360,7.435
0,2544,6.689
193,2222,6.758
157,1117,7.358
3,1418,6.518
179,30,7.946
237,164,8.048
278,2865,7.732
71,1484,6.944
66,2127,7.885
236,2059,5.038
277,2909,7.785
20,1165,6.584
146,363,7.744
84,157,6.685
171,365,7.5
267,2011,7.081
35,1162,7.55
5,38,6.857
25,1447,7.189
254,215,7.273
211,1850,7.279
10,1863,7.023
31,448,7.388
40,2503,6.359
68,2379,6.484
41,1127,6.959
237,174,7.215
165,32,7.447
27,2262,7.191
205,946,7.56
28,852,6.777
4,1814,7.023
225,417,7.44
155,455,6.949
291,1177,7.316
33,555,6.465
234,1162,7.964
234,1528,7.836
6,528,6.58
78,834,6.851
21,979,7.626
31,1712,6.587
116,1632,6.075
33,1743,6.197
70,1345,5.928
129,1303,6.853
102,2554,6.98
192,179,7.244
298,1810,7.9
8,832,6.377
158,366,7.758
58,2330,7.525
6,580,6.919
14,639,7.009
6,476,7.12
51,1765,7.152
49,2531,7.25
123,1305,6.8
93,1335,7.974
86,348,7.044
93,1988,7.41
41,658,7.22
116,1830,6.8
19,142,7.176
22,1208,8.02
16,1396,7.955
12,1708,4.747
298,2224,7.932
65,2531,7.841
60,446,7.997
8,2474,6.768
116,908,6.395
14,1586,5.666
77,199,7.684
135,40,7.851
66,213,7.668
296,431,5.807
293,459,8.377
177,172,6.801
145,65,7.331
109,2488,7.669
27,41,6.963
139,2166,6.371
0,576,7.45
136,2535,8.054
133,812,7.704
30,982,7.519
50,1440,6.071
77,511,6.808
63,1275,5.934
83,1278,6.935
32,2393,7.482
51,662,7.506
21,1450,8.356
22,1760,7.847
180,941,6.954
196,2599,7.605
37,1853,7.492
9,792,6.482
37,915,6.947
191,1619,6.155
45,1372,7.517
56,534,6.95
281,363,7.654
157,649,7.353
109,2648,7.413
88,568,7.644
65,2322,6.992
10,1045,6.13
47,1217,6.362
212,2925,6.416
29,561,7.242
206,366,6.57
20,1672,7.03
235,2581,7.541
6,383,5.968
73,540,7.465
18,290,5.647
120,1543,7.266
57,640,7.632
9,304,7.576
5,1647,6.076
97,662,6.798
273,1573,7.035
28,152,6.52
137,2143,6.225
41,2001,6.282
258,328,8.175
231,320,6.197
9,1646,6.654
96,1813,6.675
8,1677,6.258
126,656,8.039
43,2704,7.747
237,767,7.487
28,875,6.947
100,1775,6.91
185,2433,6.769
19,275,6.475
7,2703,5.865
18,2042,5.594
8,188,6.054
28,1672,7.427
79,156,8.016
74,630,8.079
7,1952,6.958
286,1699,7.435
77,931,6.963
28,1601,6.602
190,2684,7.688
34,2583,7.541
19,238,6.638
7,427,6.578
23,346,6.204
7,1109,6.945
116,1688,6.624
293,1552,7.943
93,2173,8.184
60,1839,7.582
5,1362,6.201
79,293,8.025
151,1495,7.632
247,143,6.567
65,209,7.501
1,1074,6.558
197,366,7.17
61,848,7.233
248,181,5.388
19,1045,6.12
293,425,8.177
167,2063,7.673
3,424,5.885
279,973,7.608
54,2511,7.594
78,1043,7.164
126,982,8.108
138,446,8.281
114,184,7.898
21,365,7.74
9,1507,7.932
191,1938,5.692
18,841,6.772
67,138,6.696
260,384,7.087
110,1636,7.923
6,2327,5.986
186,712,6.678
217,1364,8.004
206,409,7.005
264,1706,7.7
19,1220,6.753
12,1279,7.295
114,944,6.364
19,1405,7.268
267,2257,8.18
36,2475,7.657
46,300,6.51
30,1277,6.671
61,908,6.878
15,1114,8.283
22,662,7.791
73,1624,7.56
55,2719,6.022
39,681,6.832
48,1248,7.887
61,164,7.674
110,287,8.179
185,2667,7.123
26,111,6.639
221,203,6.549
101,2858,7.973
2,1969,6.204
121,2113,6.8
12,1666,6.192
7,2685,7.323
96,1055,6.377
131,82,7.678
47,1338,5.832
222,2069,7.504
39,1281,5.059
278,184,8.593
113,1058,6.837
26,239,7.627
236,1740,6.12
0,344,7.929
0,954,7.77
8,457,7.276
89,2235,7.619
4,1836,7.522
146,2449,7.017
6,147,5.852
69,1775,6.747
13,2610,5.893
129,18,5.743
0,2193,7.112
116,1331,5.873
62,1083,6.951
34,2779,7.21
8,6,6.36
124,638,8.173
265,1735,8.055
23,1818,5.308
41,1977,6.718
203,1109,6.583
126,691,7.581
36,619,8.326
202,306,6.959
45,2421,7.512
52,1386,8.195
70,1030,6.109
9,976,7.511
24,2181,5.686
250,1378,7.605
31,942,6.309
22,107,7.866
100,2684,7.518
62,1907,6.953
87,1237,6.881
1,655,7.957
26,587,7.259
56,22,6.552
60,694,7.699
239,1709,8.106
76,2077,7.388
9,1502,7.2
85,298,6.897
12,590,7.288
35,2614,6.664
5,1154,7.356
276,2917,8.232
64,2167,7.167
197,999,7.028
2,2584,7.137
20,1058,6.018
234,2004,7.824
100,879,7.536
150,458,8.458
232,2434,7.724
2,1821,6.592
107,2421,7.325
91,578,7.315
81,945,7.723
21,1422,8.079
215,2339,7.002
0,1808,6.915
142,409,7.735
3,1839,6.655
1,1417,7.388
156,2213,7.133
177,273,7.326
14,1970,6.322
49,832,6.498
172,1839,7.92
93,2013,8.528
6,660,6.868
2,2693,5.482
238,184,8.035
69,72,6.349
113,572,7.605
136,2834,7.374
160,198,8.371
254,28,6.736
140,800,6.363
12,619,7.521
89,717,7.976
182,227,5.967
16,1738,7.205
4,406,5.299
0,1595,6.836
31,1215,6.642
233,2734,7.809
28,695,6.965
52,840,8.166
6,464,6.808
109,2607,7.608
141,2628,7.711
239,1842,7.718
28,1129,7.082
33,677,6.447
50,271,6.65
21,225,7.639
16,2013,7.793
191,276,5.015
17,696,7.73
231,358,6.582
45,1880,6.75
3,214,5.479
116,1233,5.505
46,719,7.865
189,359,6.927
5,1381,7.355
278,2323,7.955
56,606,7.387
15,1711,7.022
55,2657,7.354
4,1153,6.98
113,1624,7.627
212,2490,6.752
36,555,7.903
1,1019,7.371
20,1953,5.337
51,271,6.767
235,2489,7.662
158,815,6.978
23,890,6.618
10,2126,7.404
134,360,8.433
21,710,7.004
16,972,7.549
41,361,7.001
129,1364,7.649
233,2684,7.77
103,134,6.48
1,126,7.87
110,2625,8.379
107,2642,7.124
89,308,8.362
7,1139,7.063
285,25,8.183
130,716,7.263
17,579,7.571
244,446,7.717
117,639,7.434
77,820,6.845
2,2747,6.269
111,60,7.483
58,2523,7.258
163,980,7.531
259,473,7.918
165,662,7.331
219,2004,7.653
133,524,7.401
29,1033,7.194
84,469,7.574
141,2323,7.527
178,2331,6.756
51,908,7.112
220,1364,7.997
97,2810,6.962
27,330,7.769
45,2045,6.506
19,423,6.931
207,6,7.159
36,841,8.303
37,1435,7.39
0,2369,7.307
45,160,7.103
20,42,7.256
119,1767,6.73
276,879,8.507
36,759,7.613
182,40,7.576
22,648,8.173
44,1916,6.22
107,2331,6.788
29,1735,7.823
2,2922,6.769
27,852,7.567
135,374,7.206
62,42,7.885
202,767,7.171
29,2853,7.049
57,686,7.306
124,1244,7.545
108,2257,8.034
146,2400,7.772
38,8,6.387
20,1220,6.045
4,2639,6.226
73,1738,7.16
192,0,7.784
46,224,7.563
2,1572,6.667
92,122,6.825
129,209,7.437
22,313,6.987
265,43,7.433
210,204,6.691
10,521,6.8
132,1330,6.298
64,2149,6.819
265,1106,7.561
1,1106,7.543
142,774,7.129
251,1636,7.777
4,182,6.721
49,119,6.424
5,2252,7.186
3,201,6.359
19,589,6.932
217,405,7.22
3,290,5.741
149,1314,7.358
15,2110,7.049
224,1687,6.274
262,446,8.361
163,532,7.806
5,1720,7.148
263,294,7.427
16,1809,7.6
15,978,7.636
59,1065,7.175
42,1770,6.493
119,1785,5.473
173,2216,7.362
15,1601,7.168
57,1943,6.73
38,2168,6.599
52,91,8.134
122,1262,7.705
175,2112,7.029
13,1223,5.703
249,2042,6.687
16,926,7.155
262,1518,7.938
156,2007,7.653
60,409,7.593
198,420,6.71
259,2015,7.815
27,737,7.492
266,628,8.568
244,40,7.387
2,1090,6.927
212,618,7.235
52,971,8.432
88,42,8.141
37,2207,7.758
175,2403,7.039
178,362,6.926
81,967,7.937
113,550,7.056
189,354,6.674
56,665,7.595
5,2077,6.677
39,1682,6.839
145,119,6.84
21,74,7.304
6,640,7.165
58,2092,8.017
119,994,6.545
236,541,6.122
28,612,7.34
78,703,7.568
195,1287,7.904
18,2939,5.865
173,1087,7.956
11,1803,7.232
244,253,6.78
2,2875,6.577
68,2398,6.716
4,2471,7.217
21,1692,7.72
10,2202,6.406
3,376,6.625
124,567,8.194
14,197,6.087
25,1321,7.292
77,942,6.614
124,1353,6.668
3,2069,6.497
8,468,6.722
178,2081,6.603
118,812,7.013
3,2084,5.114
12,635,6.979
154,1321,6.645
44,214,6.138
20,2289,6.127
26,1553,7.228
101,1110,8.529
13,2820,6.197
114,1030,6.653
62,1313,6.616
109,2421,7.611
6,1984,6.235
105,530,6.572
43,2931,8.042
149,897,7.691
21,975,7.963
115,812,6.881
113,1163,7.65
9,1067,7.23
10,284,6.967
68,2142,6.76
79,619,8.529
251,674,8.123
184,2847,7.149
259,767,7.515
6,1333,6.405
37,1418,7.531
219,1231,6.948
204,1820,5.625
207,508,7.394
34,2488,7.753
125,2474,7.806
49,1570,6.48
177,179,7.046
250,768,7.719
11,2347,6.202
6,2246,6.749
107,2198,7.319
203,540,6.949
59,660,7.752
171,849,7.516
3,473,6.673
295,2638,7.5
302,2579,7.581
255,2628,7.924
105,2331,6.312
303,2257,8.269
156,2004,7.378
151,1325,8.217
4,2302,7.539
17,453,7.942
3,1648,6.314
86,763,6.394
266,1232,7.689
107,2929,7.403
90,485,7.984
230,2871,6.632
91,275,6.834
234,2112,7.6
9,81,7.974
148,822,7.14
302,2758,7.922
27,2164,7.311
6,2226,6.317
171,707,7.792
12,530,6.845
0,1225,6.107
113,370,7.84
20,91,6.519
39,1530,7.097
48,2856,7.07
222,2015,7.542
8,435,6.458
9,1575,6.689
14,1916,6.044
305,328,7.401
233,2164,6.96
24,1831,4.741
63,897,7.208
234,559,7.884
116,531,6.293
42,691,6.631
183,2130,7.682
172,2018,7.61
218,105,6.204
199,435,6.881
167,906,7.339
39,634,7.01
53,358,6.513
3,2694,5.917
151,451,7.741
223,2350,7.9
0,849,7.165
25,663,7.437
104,2620,5.757
215,946,6.92
108,2285,8.026
27,161,6.689
5,1510,6.066
15,1828,6.871
15,1511,7.448
48,840,7.414
84,527,6.841
87,403,6.983
215,1772,6.021
145,319,7.583
0,2166,6.431
215,805,7.407
71,1708,5.047
85,946,7.091
41,993,6.945
55,1953,6.522
25,306,6.826
258,622,7.874
9,253,7.326
115,1044,6.902
17,1642,7.803
73,737,7.044
86,359,7.213
11,1798,6.291
145,49,7.195
60,338,7.581
62,1109,6.95
130,1028,6.383
38,570,6.263
51,1364,7.689
224,1890,7.195
108,498,8.094
152,2819,5.745
0,1347,7.283
163,1056,7.706
173,532,8.053
46,760,5.884
0,2590,7.12
121,815,6.469
24,2834,6.337
276,2010,8.115
30,1358,6.946
39,994,6.102
34,147,6.816
89,363,8.486
13,2725,6.022
134,1287,8.584
26,1040,7.603
104,2004,7.109
37,2380,5.658
10,486,7.851
22,1526,7.009
125,931,7.343
42,1636,6.784
8,711,7.025
79,498,8.474
214,1851,8.236
6,711,6.824
29,1711,6.687
222,681,7.467
239,2575,7.532
70,500,7.222
5,2310,6.856
133,1147,7.995
11,208,6.589
134,1620,8.557
6,1965,6.311
110,539,8.181
17,2369,7.519
207,555,7.634
0,599,7.003
19,359,7.266
181,1417,8.026
11,2051,6.619
166,699,7.282
5,762,7.108
203,1444,7.26
41,184,7.678
70,1043,6.666
27,826,7.027
12,688,7.386
44,1477,7.039
0,1852,6.898
47,290,6.313
184,2132,6.841
6,1236,5.836
219,2121,6.279
14,1973,6.34
192,2,6.918
230,2164,6.823
104,236,6.182
68,1398,6.609
128,2511,7.279
65,2131,7.694
1,1198,5.129
38,1528,6.903
29,903,7.287
138,2013,7.923
121,1888,7.216
50,655,7.905
248,256,6.554
139,2359,7.199
249,2568,6.868
251,2504,7.279
69,81,7.456
204,420,7.171
99,2562,6.793
134,619,8.667
125,367,7.447
41,1775,6.853
71,868,7.463
30,1676,6.935
4,29,7.305
48,184,8.053
31,967,7.306
65,134,6.18
15,119,7.114
75,1320,6.77
34,1463,7.858
25,809,6.733
85,466,7.802
73,1968,7.177
107,681,7.301
11,710,6.378
24,1971,5.171
167,1261,7.862
22,1704,7.361
86,723,6.826
200,1836,7.518
1,1815,5.923
215,17,5.814
107,1820,5.238
281,236,6.493
216,675,7.676
215,812,6.99
17,214,6.501
16,902,6.332
145,191,7.401
217,309,7.331
25,38,7.016
66,905,7.961
0,2655,6.953
8,770,6.664
224,868,6.765
117,879,7.62
8,535,6.755
45,218,7.368
130,197,6.611
162,2434,7.076
248,165,7.034
174,2640,7.107
123,742,7.544
0,2807,7.088
10,1516,7.114
14,446,7.538
2,2938,6.523
223,196,7.431
230,2913,7.431
206,607,6.377
189,364,7.044
15,1932,7.325
5,1902,6.97
190,2738,7.141
0,490,7.319
128,2069,7.153
126,618,8.314
56,597,7.545
76,1162,7.978
61,2421,7.336
266,1976,8.386
1,1215,6.984
